%time,field.header.seq,field.header.stamp,field.header.frame_id,field.emgStates.header.seq,field.emgStates.header.stamp,field.emgStates.header.frame_id,field.emgStates.ch0,field.emgStates.ch1,field.emgStates.ch2,field.emgStates.ch3,field.emgStates.ch4,field.emgStates.ch5,field.emgStates.ch6,field.emgStates.ch7,field.imuStates.header.seq,field.imuStates.header.stamp,field.imuStates.header.frame_id,field.imuStates.orientation.x,field.imuStates.orientation.y,field.imuStates.orientation.z,field.imuStates.orientation.w,field.imuStates.orientation_covariance0,field.imuStates.orientation_covariance1,field.imuStates.orientation_covariance2,field.imuStates.orientation_covariance3,field.imuStates.orientation_covariance4,field.imuStates.orientation_covariance5,field.imuStates.orientation_covariance6,field.imuStates.orientation_covariance7,field.imuStates.orientation_covariance8,field.imuStates.angular_velocity.x,field.imuStates.angular_velocity.y,field.imuStates.angular_velocity.z,field.imuStates.angular_velocity_covariance0,field.imuStates.angular_velocity_covariance1,field.imuStates.angular_velocity_covariance2,field.imuStates.angular_velocity_covariance3,field.imuStates.angular_velocity_covariance4,field.imuStates.angular_velocity_covariance5,field.imuStates.angular_velocity_covariance6,field.imuStates.angular_velocity_covariance7,field.imuStates.angular_velocity_covariance8,field.imuStates.linear_acceleration.x,field.imuStates.linear_acceleration.y,field.imuStates.linear_acceleration.z,field.imuStates.linear_acceleration_covariance0,field.imuStates.linear_acceleration_covariance1,field.imuStates.linear_acceleration_covariance2,field.imuStates.linear_acceleration_covariance3,field.imuStates.linear_acceleration_covariance4,field.imuStates.linear_acceleration_covariance5,field.imuStates.linear_acceleration_covariance6,field.imuStates.linear_acceleration_covariance7,field.imuStates.linear_acceleration_covariance8,field.endpointStates.header.seq,field.endpointStates.header.stamp,field.endpointStates.header.frame_id,field.endpointStates.pose.position.x,field.endpointStates.pose.position.y,field.endpointStates.pose.position.z,field.endpointStates.pose.orientation.x,field.endpointStates.pose.orientation.y,field.endpointStates.pose.orientation.z,field.endpointStates.pose.orientation.w,field.endpointStates.twist.linear.x,field.endpointStates.twist.linear.y,field.endpointStates.twist.linear.z,field.endpointStates.twist.angular.x,field.endpointStates.twist.angular.y,field.endpointStates.twist.angular.z,field.endpointStates.wrench.force.x,field.endpointStates.wrench.force.y,field.endpointStates.wrench.force.z,field.endpointStates.wrench.torque.x,field.endpointStates.wrench.torque.y,field.endpointStates.wrench.torque.z,field.jointStates.header.seq,field.jointStates.header.stamp,field.jointStates.header.frame_id,field.jointStates.name0,field.jointStates.name1,field.jointStates.name2,field.jointStates.name3,field.jointStates.name4,field.jointStates.name5,field.jointStates.name6,field.jointStates.name7,field.jointStates.name8,field.jointStates.name9,field.jointStates.name10,field.jointStates.name11,field.jointStates.name12,field.jointStates.name13,field.jointStates.name14,field.jointStates.name15,field.jointStates.name16,field.jointStates.position0,field.jointStates.position1,field.jointStates.position2,field.jointStates.position3,field.jointStates.position4,field.jointStates.position5,field.jointStates.position6,field.jointStates.position7,field.jointStates.position8,field.jointStates.position9,field.jointStates.position10,field.jointStates.position11,field.jointStates.position12,field.jointStates.position13,field.jointStates.position14,field.jointStates.position15,field.jointStates.position16,field.jointStates.velocity0,field.jointStates.velocity1,field.jointStates.velocity2,field.jointStates.velocity3,field.jointStates.velocity4,field.jointStates.velocity5,field.jointStates.velocity6,field.jointStates.velocity7,field.jointStates.velocity8,field.jointStates.velocity9,field.jointStates.velocity10,field.jointStates.velocity11,field.jointStates.velocity12,field.jointStates.velocity13,field.jointStates.velocity14,field.jointStates.velocity15,field.jointStates.velocity16,field.jointStates.effort0,field.jointStates.effort1,field.jointStates.effort2,field.jointStates.effort3,field.jointStates.effort4,field.jointStates.effort5,field.jointStates.effort6,field.jointStates.effort7,field.jointStates.effort8,field.jointStates.effort9,field.jointStates.effort10,field.jointStates.effort11,field.jointStates.effort12,field.jointStates.effort13,field.jointStates.effort14,field.jointStates.effort15,field.jointStates.effort16,field.tf_of_interest.transforms0.header.seq,field.tf_of_interest.transforms0.header.stamp,field.tf_of_interest.transforms0.header.frame_id,field.tf_of_interest.transforms0.child_frame_id,field.tf_of_interest.transforms0.transform.translation.x,field.tf_of_interest.transforms0.transform.translation.y,field.tf_of_interest.transforms0.transform.translation.z,field.tf_of_interest.transforms0.transform.rotation.x,field.tf_of_interest.transforms0.transform.rotation.y,field.tf_of_interest.transforms0.transform.rotation.z,field.tf_of_interest.transforms0.transform.rotation.w,field.tf_of_interest.transforms1.header.seq,field.tf_of_interest.transforms1.header.stamp,field.tf_of_interest.transforms1.header.frame_id,field.tf_of_interest.transforms1.child_frame_id,field.tf_of_interest.transforms1.transform.translation.x,field.tf_of_interest.transforms1.transform.translation.y,field.tf_of_interest.transforms1.transform.translation.z,field.tf_of_interest.transforms1.transform.rotation.x,field.tf_of_interest.transforms1.transform.rotation.y,field.tf_of_interest.transforms1.transform.rotation.z,field.tf_of_interest.transforms1.transform.rotation.w,field.tf_of_interest.transforms2.header.seq,field.tf_of_interest.transforms2.header.stamp,field.tf_of_interest.transforms2.header.frame_id,field.tf_of_interest.transforms2.child_frame_id,field.tf_of_interest.transforms2.transform.translation.x,field.tf_of_interest.transforms2.transform.translation.y,field.tf_of_interest.transforms2.transform.translation.z,field.tf_of_interest.transforms2.transform.rotation.x,field.tf_of_interest.transforms2.transform.rotation.y,field.tf_of_interest.transforms2.transform.rotation.z,field.tf_of_interest.transforms2.transform.rotation.w,field.tf_of_interest.transforms3.header.seq,field.tf_of_interest.transforms3.header.stamp,field.tf_of_interest.transforms3.header.frame_id,field.tf_of_interest.transforms3.child_frame_id,field.tf_of_interest.transforms3.transform.translation.x,field.tf_of_interest.transforms3.transform.translation.y,field.tf_of_interest.transforms3.transform.translation.z,field.tf_of_interest.transforms3.transform.rotation.x,field.tf_of_interest.transforms3.transform.rotation.y,field.tf_of_interest.transforms3.transform.rotation.z,field.tf_of_interest.transforms3.transform.rotation.w,field.tf_of_interest.transforms4.header.seq,field.tf_of_interest.transforms4.header.stamp,field.tf_of_interest.transforms4.header.frame_id,field.tf_of_interest.transforms4.child_frame_id,field.tf_of_interest.transforms4.transform.translation.x,field.tf_of_interest.transforms4.transform.translation.y,field.tf_of_interest.transforms4.transform.translation.z,field.tf_of_interest.transforms4.transform.rotation.x,field.tf_of_interest.transforms4.transform.rotation.y,field.tf_of_interest.transforms4.transform.rotation.z,field.tf_of_interest.transforms4.transform.rotation.w,field.tf_of_interest.transforms5.header.seq,field.tf_of_interest.transforms5.header.stamp,field.tf_of_interest.transforms5.header.frame_id,field.tf_of_interest.transforms5.child_frame_id,field.tf_of_interest.transforms5.transform.translation.x,field.tf_of_interest.transforms5.transform.translation.y,field.tf_of_interest.transforms5.transform.translation.z,field.tf_of_interest.transforms5.transform.rotation.x,field.tf_of_interest.transforms5.transform.rotation.y,field.tf_of_interest.transforms5.transform.rotation.z,field.tf_of_interest.transforms5.transform.rotation.w,field.tf_of_interest.transforms6.header.seq,field.tf_of_interest.transforms6.header.stamp,field.tf_of_interest.transforms6.header.frame_id,field.tf_of_interest.transforms6.child_frame_id,field.tf_of_interest.transforms6.transform.translation.x,field.tf_of_interest.transforms6.transform.translation.y,field.tf_of_interest.transforms6.transform.translation.z,field.tf_of_interest.transforms6.transform.rotation.x,field.tf_of_interest.transforms6.transform.rotation.y,field.tf_of_interest.transforms6.transform.rotation.z,field.tf_of_interest.transforms6.transform.rotation.w,field.tf_of_interest.transforms7.header.seq,field.tf_of_interest.transforms7.header.stamp,field.tf_of_interest.transforms7.header.frame_id,field.tf_of_interest.transforms7.child_frame_id,field.tf_of_interest.transforms7.transform.translation.x,field.tf_of_interest.transforms7.transform.translation.y,field.tf_of_interest.transforms7.transform.translation.z,field.tf_of_interest.transforms7.transform.rotation.x,field.tf_of_interest.transforms7.transform.rotation.y,field.tf_of_interest.transforms7.transform.rotation.z,field.tf_of_interest.transforms7.transform.rotation.w,field.tf_of_interest.transforms8.header.seq,field.tf_of_interest.transforms8.header.stamp,field.tf_of_interest.transforms8.header.frame_id,field.tf_of_interest.transforms8.child_frame_id,field.tf_of_interest.transforms8.transform.translation.x,field.tf_of_interest.transforms8.transform.translation.y,field.tf_of_interest.transforms8.transform.translation.z,field.tf_of_interest.transforms8.transform.rotation.x,field.tf_of_interest.transforms8.transform.rotation.y,field.tf_of_interest.transforms8.transform.rotation.z,field.tf_of_interest.transforms8.transform.rotation.w,field.tf_of_interest.transforms9.header.seq,field.tf_of_interest.transforms9.header.stamp,field.tf_of_interest.transforms9.header.frame_id,field.tf_of_interest.transforms9.child_frame_id,field.tf_of_interest.transforms9.transform.translation.x,field.tf_of_interest.transforms9.transform.translation.y,field.tf_of_interest.transforms9.transform.translation.z,field.tf_of_interest.transforms9.transform.rotation.x,field.tf_of_interest.transforms9.transform.rotation.y,field.tf_of_interest.transforms9.transform.rotation.z,field.tf_of_interest.transforms9.transform.rotation.w,field.tf_of_interest.transforms10.header.seq,field.tf_of_interest.transforms10.header.stamp,field.tf_of_interest.transforms10.header.frame_id,field.tf_of_interest.transforms10.child_frame_id,field.tf_of_interest.transforms10.transform.translation.x,field.tf_of_interest.transforms10.transform.translation.y,field.tf_of_interest.transforms10.transform.translation.z,field.tf_of_interest.transforms10.transform.rotation.x,field.tf_of_interest.transforms10.transform.rotation.y,field.tf_of_interest.transforms10.transform.rotation.z,field.tf_of_interest.transforms10.transform.rotation.w,field.tf_of_interest.transforms11.header.seq,field.tf_of_interest.transforms11.header.stamp,field.tf_of_interest.transforms11.header.frame_id,field.tf_of_interest.transforms11.child_frame_id,field.tf_of_interest.transforms11.transform.translation.x,field.tf_of_interest.transforms11.transform.translation.y,field.tf_of_interest.transforms11.transform.translation.z,field.tf_of_interest.transforms11.transform.rotation.x,field.tf_of_interest.transforms11.transform.rotation.y,field.tf_of_interest.transforms11.transform.rotation.z,field.tf_of_interest.transforms11.transform.rotation.w,field.tf_of_interest.transforms12.header.seq,field.tf_of_interest.transforms12.header.stamp,field.tf_of_interest.transforms12.header.frame_id,field.tf_of_interest.transforms12.child_frame_id,field.tf_of_interest.transforms12.transform.translation.x,field.tf_of_interest.transforms12.transform.translation.y,field.tf_of_interest.transforms12.transform.translation.z,field.tf_of_interest.transforms12.transform.rotation.x,field.tf_of_interest.transforms12.transform.rotation.y,field.tf_of_interest.transforms12.transform.rotation.z,field.tf_of_interest.transforms12.transform.rotation.w,field.tf_of_interest.transforms13.header.seq,field.tf_of_interest.transforms13.header.stamp,field.tf_of_interest.transforms13.header.frame_id,field.tf_of_interest.transforms13.child_frame_id,field.tf_of_interest.transforms13.transform.translation.x,field.tf_of_interest.transforms13.transform.translation.y,field.tf_of_interest.transforms13.transform.translation.z,field.tf_of_interest.transforms13.transform.rotation.x,field.tf_of_interest.transforms13.transform.rotation.y,field.tf_of_interest.transforms13.transform.rotation.z,field.tf_of_interest.transforms13.transform.rotation.w,field.tf_of_interest.transforms14.header.seq,field.tf_of_interest.transforms14.header.stamp,field.tf_of_interest.transforms14.header.frame_id,field.tf_of_interest.transforms14.child_frame_id,field.tf_of_interest.transforms14.transform.translation.x,field.tf_of_interest.transforms14.transform.translation.y,field.tf_of_interest.transforms14.transform.translation.z,field.tf_of_interest.transforms14.transform.rotation.x,field.tf_of_interest.transforms14.transform.rotation.y,field.tf_of_interest.transforms14.transform.rotation.z,field.tf_of_interest.transforms14.transform.rotation.w,field.tf_of_interest.transforms15.header.seq,field.tf_of_interest.transforms15.header.stamp,field.tf_of_interest.transforms15.header.frame_id,field.tf_of_interest.transforms15.child_frame_id,field.tf_of_interest.transforms15.transform.translation.x,field.tf_of_interest.transforms15.transform.translation.y,field.tf_of_interest.transforms15.transform.translation.z,field.tf_of_interest.transforms15.transform.rotation.x,field.tf_of_interest.transforms15.transform.rotation.y,field.tf_of_interest.transforms15.transform.rotation.z,field.tf_of_interest.transforms15.transform.rotation.w,field.tf_of_interest.transforms16.header.seq,field.tf_of_interest.transforms16.header.stamp,field.tf_of_interest.transforms16.header.frame_id,field.tf_of_interest.transforms16.child_frame_id,field.tf_of_interest.transforms16.transform.translation.x,field.tf_of_interest.transforms16.transform.translation.y,field.tf_of_interest.transforms16.transform.translation.z,field.tf_of_interest.transforms16.transform.rotation.x,field.tf_of_interest.transforms16.transform.rotation.y,field.tf_of_interest.transforms16.transform.rotation.z,field.tf_of_interest.transforms16.transform.rotation.w
1522314865840648973,19059,1522314865838253021,,205529,1522314865833853006,0,141,53,198,95,175,577,136,286,206056,1522314865826328992,base,-9163.0,4484.0,-4775.0,11898.0,0.0,0.0,0.0,0.0,0.0,0.0,0.0,0.0,0.0,207.0,561.0,196.0,0.0,0.0,0.0,0.0,0.0,0.0,0.0,0.0,0.0,-66.0,-1998.0,202.0,0.0,0.0,0.0,0.0,0.0,0.0,0.0,0.0,0.0,0,0,,0.0,0.0,0.0,0.0,0.0,0.0,0.0,0.0,0.0,0.0,0.0,0.0,0.0,0.0,0.0,0.0,0.0,0.0,0.0,963874,1522314865770307044,,head_nod,head_pan,left_e0,left_e1,left_s0,left_s1,left_w0,left_w1,left_w2,right_e0,right_e1,right_s0,right_s1,right_w0,right_w1,right_w2,torso_t0,0.0,-0.101626227197,-0.956437021247,1.44654388298,0.0740145730155,-0.88894186658,0.52807288623,1.27742250111,-0.11773302547,0.906966140837,1.60109244736,-0.28493693135,-1.03083508946,-0.482053462593,1.12402442232,-0.207854396758,-12.5659871192,0.0,0.00392699081625,0.00549778714275,-0.0212057504078,-0.139015474895,0.0451603943869,-0.047123889795,-0.366780942238,-0.00392699081625,-0.00392699081625,0.00392699081625,0.00392699081625,-0.00392699081625,0.00431968989788,-0.00667588438763,-0.0133517687753,0.0,0.0,0.0,-10.572,-11.9,0.184,-19.396,0.252,0.348,0.24,10.356,-14.844,0.372,-19.496,-0.032,-0.208,-0.212,-20.48,0,0,/base,/head_1,1.37210312358,-0.0879643951996,0.538270506498,0.437016801077,0.545511807444,0.527850528825,0.482500780036,0,0,/base,/neck_1,1.37840337694,-0.0997179832937,0.345382905031,0.437016801077,0.545511807444,0.527850528825,0.482500780036,0,0,/base,/torso_1,1.37934019122,-0.11395460902,0.161165311684,0.440878999338,0.555870546727,0.516822182937,0.479091300743,0,0,/base,/left_shoulder_1,1.35973075945,0.0211780144835,0.335946868155,-0.131649367452,0.710212727725,0.581955641294,0.373622746889,0,0,/base,/left_elbow_1,1.22129612093,0.071186381123,0.197959619507,-0.523079494239,0.750441011792,0.287039656109,-0.28431385184,0,0,/base,/left_hand_1,1.15144951039,-0.156343383459,0.228295129713,-0.507826260114,0.52037540413,-0.464935591907,0.505130501646,0,0,/base,/right_shoulder_1,1.39707599373,-0.220613987895,0.354818926288,0.473273481132,-0.327772653777,0.627838615984,0.523828189173,0,0,/base,/right_elbow_1,1.39787553806,-0.306568584795,0.122889127452,0.59709969427,-0.385770887181,0.528033902754,0.464578276773,0,0,/base,/right_hand_1,1.36254847563,-0.31387673299,-0.118533311121,-0.507826260114,0.52037540413,-0.464935591907,0.505130501646,0,0,/base,/left_hip_1,1.36729812009,-0.0441591581591,-0.0296110462784,0.52037537432,0.507826309026,0.505130564562,0.464935503493,0,0,/base,/left_knee_1,1.3455613703,-0.02497971524,-0.398055182995,0.52020330181,0.508028943354,0.505423082364,0.46458866249,0,0,/base,/left_foot_1,1.32461984257,-0.00645511607225,-0.752321611137,-0.507826260114,0.52037540413,-0.464935591907,0.505130501646,0,0,/base,/right_hip_1,1.3932558922,-0.212223327356,-0.0164935026515,0.520375395986,0.507826271516,0.505130506859,0.464935582905,0,0,/base,/right_knee_1,1.371519145,-0.193043916484,-0.384937610578,0.52020886795,0.507981591261,0.505302073694,0.464765802278,0,0,/base,/right_foot_1,1.3506168388,-0.174602128614,-0.739210724612,-0.507826260114,0.52037540413,-0.464935591907,0.505130501646,0,0,/base,left_hand,0.683246863164,0.412399802181,0.308895468232,0.00697274815656,0.999718292936,-0.0200540422666,0.0106090028094,0,0,/base,right_hand,0.622300645091,-0.524035577694,0.316313008477,-0.0742989159935,0.995867637726,-0.0236616334726,0.0465558408177
1522314865846426296,19221,1522314865842819929,,205529,1522314865833853006,0,141,53,198,95,175,577,136,286,206056,1522314865826328992,base,-9163.0,4484.0,-4775.0,11898.0,0.0,0.0,0.0,0.0,0.0,0.0,0.0,0.0,0.0,207.0,561.0,196.0,0.0,0.0,0.0,0.0,0.0,0.0,0.0,0.0,0.0,-66.0,-1998.0,202.0,0.0,0.0,0.0,0.0,0.0,0.0,0.0,0.0,0.0,0,0,,0.0,0.0,0.0,0.0,0.0,0.0,0.0,0.0,0.0,0.0,0.0,0.0,0.0,0.0,0.0,0.0,0.0,0.0,0.0,963874,1522314865770307044,,head_nod,head_pan,left_e0,left_e1,left_s0,left_s1,left_w0,left_w1,left_w2,right_e0,right_e1,right_s0,right_s1,right_w0,right_w1,right_w2,torso_t0,0.0,-0.101626227197,-0.956437021247,1.44654388298,0.0740145730155,-0.88894186658,0.52807288623,1.27742250111,-0.11773302547,0.906966140837,1.60109244736,-0.28493693135,-1.03083508946,-0.482053462593,1.12402442232,-0.207854396758,-12.5659871192,0.0,0.00392699081625,0.00549778714275,-0.0212057504078,-0.139015474895,0.0451603943869,-0.047123889795,-0.366780942238,-0.00392699081625,-0.00392699081625,0.00392699081625,0.00392699081625,-0.00392699081625,0.00431968989788,-0.00667588438763,-0.0133517687753,0.0,0.0,0.0,-10.572,-11.9,0.184,-19.396,0.252,0.348,0.24,10.356,-14.844,0.372,-19.496,-0.032,-0.208,-0.212,-20.48,0,0,/base,/head_1,1.37210312358,-0.0879643951996,0.538270506498,0.437016801077,0.545511807444,0.527850528825,0.482500780036,0,0,/base,/neck_1,1.37840337694,-0.0997179832937,0.345382905031,0.437016801077,0.545511807444,0.527850528825,0.482500780036,0,0,/base,/torso_1,1.37934019122,-0.11395460902,0.161165311684,0.440878999338,0.555870546727,0.516822182937,0.479091300743,0,0,/base,/left_shoulder_1,1.35973075945,0.0211780144835,0.335946868155,-0.131649367452,0.710212727725,0.581955641294,0.373622746889,0,0,/base,/left_elbow_1,1.22129612093,0.071186381123,0.197959619507,-0.523079494239,0.750441011792,0.287039656109,-0.28431385184,0,0,/base,/left_hand_1,1.15144951039,-0.156343383459,0.228295129713,-0.507826260114,0.52037540413,-0.464935591907,0.505130501646,0,0,/base,/right_shoulder_1,1.39707599373,-0.220613987895,0.354818926288,0.473273481132,-0.327772653777,0.627838615984,0.523828189173,0,0,/base,/right_elbow_1,1.39787553806,-0.306568584795,0.122889127452,0.59709969427,-0.385770887181,0.528033902754,0.464578276773,0,0,/base,/right_hand_1,1.36254847563,-0.31387673299,-0.118533311121,-0.507826260114,0.52037540413,-0.464935591907,0.505130501646,0,0,/base,/left_hip_1,1.36729812009,-0.0441591581591,-0.0296110462784,0.52037537432,0.507826309026,0.505130564562,0.464935503493,0,0,/base,/left_knee_1,1.3455613703,-0.02497971524,-0.398055182995,0.52020330181,0.508028943354,0.505423082364,0.46458866249,0,0,/base,/left_foot_1,1.32461984257,-0.00645511607225,-0.752321611137,-0.507826260114,0.52037540413,-0.464935591907,0.505130501646,0,0,/base,/right_hip_1,1.3932558922,-0.212223327356,-0.0164935026515,0.520375395986,0.507826271516,0.505130506859,0.464935582905,0,0,/base,/right_knee_1,1.371519145,-0.193043916484,-0.384937610578,0.52020886795,0.507981591261,0.505302073694,0.464765802278,0,0,/base,/right_foot_1,1.3506168388,-0.174602128614,-0.739210724612,-0.507826260114,0.52037540413,-0.464935591907,0.505130501646,0,0,/base,left_hand,0.683246863164,0.412399802181,0.308895468232,0.00697274815656,0.999718292936,-0.0200540422666,0.0106090028094,0,0,/base,right_hand,0.622300645091,-0.524035577694,0.316313008477,-0.0742989159935,0.995867637726,-0.0236616334726,0.0465558408177
1522314865860615713,19060,1522314865856278896,,205530,1522314865856132984,0,149,52,197,99,174,547,135,289,206057,1522314865848762989,base,-9118.0,4584.0,-4814.0,11879.0,0.0,0.0,0.0,0.0,0.0,0.0,0.0,0.0,0.0,154.0,634.0,238.0,0.0,0.0,0.0,0.0,0.0,0.0,0.0,0.0,0.0,-75.0,-2009.0,209.0,0.0,0.0,0.0,0.0,0.0,0.0,0.0,0.0,0.0,0,0,,0.0,0.0,0.0,0.0,0.0,0.0,0.0,0.0,0.0,0.0,0.0,0.0,0.0,0.0,0.0,0.0,0.0,0.0,0.0,963876,1522314865790269899,,head_nod,head_pan,left_e0,left_e1,left_s0,left_s1,left_w0,left_w1,left_w2,right_e0,right_e1,right_s0,right_s1,right_w0,right_w1,right_w2,torso_t0,0.0,-0.101242732,-0.95605352605,1.44692737817,0.0713301066367,-0.888174876186,0.527305895836,1.26860211158,-0.119267006258,0.906966140837,1.60109244736,-0.28493693135,-1.03198557505,-0.482053462593,1.12364092713,-0.208621387152,-12.5659871192,0.0,0.0106028752039,0.0329867228565,0.0102101761223,-0.132732289589,0.0699004365293,-0.0451603943869,-0.41311943387,-0.0145298660201,-0.00746128255088,0.0168860605099,0.00117809724488,0.00510508806113,0.0184568568364,-0.0200276531629,-0.000392699081625,0.0,0.0,0.0,-10.444,-12.028,0.152,-19.46,0.268,0.268,0.232,10.136,-14.872,0.496,-19.436,-0.04,-0.188,-0.24,-20.48,0,0,/base,/head_1,1.3689107965,-0.0851466739593,0.537731242536,0.434455230198,0.545634040615,0.528237011953,0.484249735032,0,0,/base,/neck_1,1.37615054212,-0.0975889139602,0.345181821047,0.434455230198,0.545634040615,0.528237011953,0.484249735032,0,0,/base,/torso_1,1.37838655221,-0.112992690668,0.161073196197,0.437138422944,0.556180206475,0.516943392812,0.482019818825,0,0,/base,/left_shoulder_1,1.35736255363,0.0232168919206,0.334848281127,-0.133747046679,0.712570312484,0.577675217455,0.375028826104,0,0,/base,/left_elbow_1,1.21879451298,0.0724574786518,0.195049987111,-0.519473416199,0.754837228704,0.285909584058,-0.280399425408,0,0,/base,/left_hand_1,1.14633587702,-0.153390277445,0.225240456665,-0.507826260114,0.52037540413,-0.464935591907,0.505130501646,0,0,/base,/right_shoulder_1,1.39493853125,-0.218394727853,0.355515368164,0.470074152474,-0.327508921647,0.63002638531,0.524247032638,0,0,/base,/right_elbow_1,1.39702245891,-0.305985413026,0.123119703955,0.595669391392,-0.387582865645,0.527719885614,0.465262528842,0,0,/base,/right_hand_1,1.36221690717,-0.31314122157,-0.118388402529,-0.507826260114,0.52037540413,-0.464935591907,0.505130501646,0,0,/base,/left_hip_1,1.36756341462,-0.0444271058451,-0.0302180471027,0.520375380282,0.507826299243,0.505130551979,0.464935521176,0,0,/base,/left_knee_1,1.34582666522,-0.0252476781577,-0.398662184636,0.520220518531,0.508008681339,0.505393830562,0.464623361244,0,0,/base,/left_foot_1,1.3248892514,-0.00673135462112,-0.752929347495,-0.507826260114,0.52037540413,-0.464935591907,0.505130501646,0,0,/base,/right_hip_1,1.39368170909,-0.212365828116,-0.0158528254126,0.520375397615,0.507826269235,0.505130505817,0.464935584705,0,0,/base,/right_knee_1,1.37194496189,-0.193186417244,-0.384296933339,0.520225524157,0.507966060653,0.505284918982,0.464782783555,0,0,/base,/right_foot_1,1.3510427775,-0.174744625815,-0.738570054374,-0.507826260114,0.52037540413,-0.464935591907,0.505130501646,0,0,/base,left_hand,0.683246863164,0.412399802181,0.308895468232,0.00697274815656,0.999718292936,-0.0200540422666,0.0106090028094,0,0,/base,right_hand,0.622300645091,-0.524035577694,0.316313008477,-0.0742989159935,0.995867637726,-0.0236616334726,0.0465558408177
1522314865862869453,19222,1522314865860797882,,205530,1522314865856132984,0,149,52,197,99,174,547,135,289,206057,1522314865848762989,base,-9118.0,4584.0,-4814.0,11879.0,0.0,0.0,0.0,0.0,0.0,0.0,0.0,0.0,0.0,154.0,634.0,238.0,0.0,0.0,0.0,0.0,0.0,0.0,0.0,0.0,0.0,-75.0,-2009.0,209.0,0.0,0.0,0.0,0.0,0.0,0.0,0.0,0.0,0.0,0,0,,0.0,0.0,0.0,0.0,0.0,0.0,0.0,0.0,0.0,0.0,0.0,0.0,0.0,0.0,0.0,0.0,0.0,0.0,0.0,963874,1522314865770307044,,head_nod,head_pan,left_e0,left_e1,left_s0,left_s1,left_w0,left_w1,left_w2,right_e0,right_e1,right_s0,right_s1,right_w0,right_w1,right_w2,torso_t0,0.0,-0.101626227197,-0.956437021247,1.44654388298,0.0740145730155,-0.88894186658,0.52807288623,1.27742250111,-0.11773302547,0.906966140837,1.60109244736,-0.28493693135,-1.03083508946,-0.482053462593,1.12402442232,-0.207854396758,-12.5659871192,0.0,0.00392699081625,0.00549778714275,-0.0212057504078,-0.139015474895,0.0451603943869,-0.047123889795,-0.366780942238,-0.00392699081625,-0.00392699081625,0.00392699081625,0.00392699081625,-0.00392699081625,0.00431968989788,-0.00667588438763,-0.0133517687753,0.0,0.0,0.0,-10.572,-11.9,0.184,-19.396,0.252,0.348,0.24,10.356,-14.844,0.372,-19.496,-0.032,-0.208,-0.212,-20.48,0,0,/base,/head_1,1.3689107965,-0.0851466739593,0.537731242536,0.434455230198,0.545634040615,0.528237011953,0.484249735032,0,0,/base,/neck_1,1.37615054212,-0.0975889139602,0.345181821047,0.434455230198,0.545634040615,0.528237011953,0.484249735032,0,0,/base,/torso_1,1.37838655221,-0.112992690668,0.161073196197,0.437138422944,0.556180206475,0.516943392812,0.482019818825,0,0,/base,/left_shoulder_1,1.35736255363,0.0232168919206,0.334848281127,-0.133747046679,0.712570312484,0.577675217455,0.375028826104,0,0,/base,/left_elbow_1,1.21879451298,0.0724574786518,0.195049987111,-0.519473416199,0.754837228704,0.285909584058,-0.280399425408,0,0,/base,/left_hand_1,1.14633587702,-0.153390277445,0.225240456665,-0.507826260114,0.52037540413,-0.464935591907,0.505130501646,0,0,/base,/right_shoulder_1,1.39493853125,-0.218394727853,0.355515368164,0.470074152474,-0.327508921647,0.63002638531,0.524247032638,0,0,/base,/right_elbow_1,1.39702245891,-0.305985413026,0.123119703955,0.595669391392,-0.387582865645,0.527719885614,0.465262528842,0,0,/base,/right_hand_1,1.36221690717,-0.31314122157,-0.118388402529,-0.507826260114,0.52037540413,-0.464935591907,0.505130501646,0,0,/base,/left_hip_1,1.36756341462,-0.0444271058451,-0.0302180471027,0.520375380282,0.507826299243,0.505130551979,0.464935521176,0,0,/base,/left_knee_1,1.34582666522,-0.0252476781577,-0.398662184636,0.520220518531,0.508008681339,0.505393830562,0.464623361244,0,0,/base,/left_foot_1,1.3248892514,-0.00673135462112,-0.752929347495,-0.507826260114,0.52037540413,-0.464935591907,0.505130501646,0,0,/base,/right_hip_1,1.39368170909,-0.212365828116,-0.0158528254126,0.520375397615,0.507826269235,0.505130505817,0.464935584705,0,0,/base,/right_knee_1,1.37194496189,-0.193186417244,-0.384296933339,0.520225524157,0.507966060653,0.505284918982,0.464782783555,0,0,/base,/right_foot_1,1.3510427775,-0.174744625815,-0.738570054374,-0.507826260114,0.52037540413,-0.464935591907,0.505130501646,0,0,/base,left_hand,0.683246863164,0.412399802181,0.308895468232,0.00697274815656,0.999718292936,-0.0200540422666,0.0106090028094,0,0,/base,right_hand,0.622300645091,-0.524035577694,0.316313008477,-0.0742989159935,0.995867637726,-0.0236616334726,0.0465558408177
1522314865883844121,19223,1522314865882350921,,205531,1522314865871469020,0,200,66,220,120,174,516,137,378,206058,1522314865863740921,base,-9063.0,4694.0,-4878.0,11852.0,0.0,0.0,0.0,0.0,0.0,0.0,0.0,0.0,0.0,179.0,783.0,200.0,0.0,0.0,0.0,0.0,0.0,0.0,0.0,0.0,0.0,-34.0,-2060.0,258.0,0.0,0.0,0.0,0.0,0.0,0.0,0.0,0.0,0.0,0,0,,0.0,0.0,0.0,0.0,0.0,0.0,0.0,0.0,0.0,0.0,0.0,0.0,0.0,0.0,0.0,0.0,0.0,0.0,0.0,963879,1522314865820275297,,head_nod,head_pan,left_e0,left_e1,left_s0,left_s1,left_w0,left_w1,left_w2,right_e0,right_e1,right_s0,right_s1,right_w0,right_w1,right_w2,torso_t0,0.0,-0.101242732,-0.956437021247,1.44807786376,0.06711165947,-0.885490409807,0.525388419851,1.2532623037,-0.118883511061,0.906966140837,1.60070895216,-0.283786445759,-1.03198557505,-0.48243695779,1.12440791752,-0.207854396758,-12.5659871192,0.0,-0.00392699081625,0.0161006623466,0.0361283155095,-0.173180294997,0.108384946529,-0.0651880475498,-0.511294204276,0.0168860605099,0.0113882733671,-0.0121736715304,0.00746128255088,-0.003141592653,0.00353429173463,0.0149225651018,-0.00353429173463,0.0,0.0,0.0,-10.508,-12.568,0.092,-19.296,0.252,0.192,0.268,10.416,-14.812,0.28,-19.436,-0.024,-0.228,-0.232,-20.48,0,0,/base,/head_1,1.36766272802,-0.0834344571583,0.53922519192,0.431519721081,0.548067636865,0.529874759914,0.482333219408,0,0,/base,/neck_1,1.3750553043,-0.0962339019032,0.346026814874,0.431519721081,0.548067636865,0.529874759914,0.482333219408,0,0,/base,/torso_1,1.37762631482,-0.112296423986,0.161976301024,0.43347934622,0.558832512816,0.518299367083,0.480798965371,0,0,/base,/left_shoulder_1,1.35519718632,0.0243595675804,0.335227072936,-0.134842999319,0.714305850123,0.5753836847,0.374857484113,0,0,/base,/left_elbow_1,1.21502786116,0.0733831046498,0.193394387753,-0.515202870429,0.759058744263,0.289508265705,-0.273094835449,0,0,/base,/left_hand_1,1.13885609703,-0.150455193552,0.221075638269,-0.507826260114,0.52037540413,-0.464935591907,0.505130501646,0,0,/base,/right_shoulder_1,1.39491342159,-0.216827378211,0.356826541193,0.471215904166,-0.324106147285,0.631783002156,0.523221764781,0,0,/base,/right_elbow_1,1.39699129986,-0.304924011101,0.125345416353,0.594496038028,-0.386638768161,0.529870625372,0.46510433678,0,0,/base,/right_hand_1,1.36293935657,-0.313023483424,-0.116240614625,-0.507826260114,0.52037540413,-0.464935591907,0.505130501646,0,0,/base,/left_hip_1,1.36639444928,-0.044537161643,-0.0295808541324,0.520375385052,0.507826291417,0.505130541912,0.464935535322,0,0,/base,/left_knee_1,1.34465770078,-0.0253577347475,-0.398024976454,0.520236012348,0.50799044433,0.505367502746,0.464654589016,0,0,/base,/left_foot_1,1.32372401751,-0.00684887817273,-0.752292748094,-0.507826260114,0.52037540413,-0.464935591907,0.505130501646,0,0,/base,/right_hip_1,1.39400020192,-0.212180716055,-0.0145675554936,0.520375398918,0.507826267411,0.505130504983,0.464935586146,0,0,/base,/right_knee_1,1.37226345292,-0.1930013036,-0.383011693843,0.520240514251,0.507952082631,0.505269479269,0.464798066264,0,0,/base,/right_foot_1,1.35136139035,-0.174559508612,-0.73728482188,-0.507826260114,0.52037540413,-0.464935591907,0.505130501646,0,0,/base,left_hand,0.686840710659,0.408671538686,0.307953687673,0.00840722615101,0.999572685008,-0.0225464076112,0.016595946441,0,0,/base,right_hand,0.622562522255,-0.524068964772,0.3167312089,-0.074379868308,0.995841479214,-0.0236173444053,0.0470064305152
1522314865884110099,19061,1522314865881386995,,205531,1522314865871469020,0,200,66,220,120,174,516,137,378,206058,1522314865863740921,base,-9063.0,4694.0,-4878.0,11852.0,0.0,0.0,0.0,0.0,0.0,0.0,0.0,0.0,0.0,179.0,783.0,200.0,0.0,0.0,0.0,0.0,0.0,0.0,0.0,0.0,0.0,-34.0,-2060.0,258.0,0.0,0.0,0.0,0.0,0.0,0.0,0.0,0.0,0.0,0,0,,0.0,0.0,0.0,0.0,0.0,0.0,0.0,0.0,0.0,0.0,0.0,0.0,0.0,0.0,0.0,0.0,0.0,0.0,0.0,963876,1522314865790269899,,head_nod,head_pan,left_e0,left_e1,left_s0,left_s1,left_w0,left_w1,left_w2,right_e0,right_e1,right_s0,right_s1,right_w0,right_w1,right_w2,torso_t0,0.0,-0.101242732,-0.95605352605,1.44692737817,0.0713301066367,-0.888174876186,0.527305895836,1.26860211158,-0.119267006258,0.906966140837,1.60109244736,-0.28493693135,-1.03198557505,-0.482053462593,1.12364092713,-0.208621387152,-12.5659871192,0.0,0.0106028752039,0.0329867228565,0.0102101761223,-0.132732289589,0.0699004365293,-0.0451603943869,-0.41311943387,-0.0145298660201,-0.00746128255088,0.0168860605099,0.00117809724488,0.00510508806113,0.0184568568364,-0.0200276531629,-0.000392699081625,0.0,0.0,0.0,-10.444,-12.028,0.152,-19.46,0.268,0.268,0.232,10.136,-14.872,0.496,-19.436,-0.04,-0.188,-0.24,-20.48,0,0,/base,/head_1,1.36766272802,-0.0834344571583,0.53922519192,0.431519721081,0.548067636865,0.529874759914,0.482333219408,0,0,/base,/neck_1,1.3750553043,-0.0962339019032,0.346026814874,0.431519721081,0.548067636865,0.529874759914,0.482333219408,0,0,/base,/torso_1,1.37762631482,-0.112296423986,0.161976301024,0.43347934622,0.558832512816,0.518299367083,0.480798965371,0,0,/base,/left_shoulder_1,1.35519718632,0.0243595675804,0.335227072936,-0.134842999319,0.714305850123,0.5753836847,0.374857484113,0,0,/base,/left_elbow_1,1.21502786116,0.0733831046498,0.193394387753,-0.515202870429,0.759058744263,0.289508265705,-0.273094835449,0,0,/base,/left_hand_1,1.13885609703,-0.150455193552,0.221075638269,-0.507826260114,0.52037540413,-0.464935591907,0.505130501646,0,0,/base,/right_shoulder_1,1.39491342159,-0.216827378211,0.356826541193,0.471215904166,-0.324106147285,0.631783002156,0.523221764781,0,0,/base,/right_elbow_1,1.39699129986,-0.304924011101,0.125345416353,0.594496038028,-0.386638768161,0.529870625372,0.46510433678,0,0,/base,/right_hand_1,1.36293935657,-0.313023483424,-0.116240614625,-0.507826260114,0.52037540413,-0.464935591907,0.505130501646,0,0,/base,/left_hip_1,1.36639444928,-0.044537161643,-0.0295808541324,0.520375385052,0.507826291417,0.505130541912,0.464935535322,0,0,/base,/left_knee_1,1.34465770078,-0.0253577347475,-0.398024976454,0.520236012348,0.50799044433,0.505367502746,0.464654589016,0,0,/base,/left_foot_1,1.32372401751,-0.00684887817273,-0.752292748094,-0.507826260114,0.52037540413,-0.464935591907,0.505130501646,0,0,/base,/right_hip_1,1.39400020192,-0.212180716055,-0.0145675554936,0.520375398918,0.507826267411,0.505130504983,0.464935586146,0,0,/base,/right_knee_1,1.37226345292,-0.1930013036,-0.383011693843,0.520240514251,0.507952082631,0.505269479269,0.464798066264,0,0,/base,/right_foot_1,1.35136139035,-0.174559508612,-0.73728482188,-0.507826260114,0.52037540413,-0.464935591907,0.505130501646,0,0,/base,left_hand,0.686840710659,0.408671538686,0.307953687673,0.00840722615101,0.999572685008,-0.0225464076112,0.016595946441,0,0,/base,right_hand,0.622562522255,-0.524068964772,0.3167312089,-0.074379868308,0.995841479214,-0.0236173444053,0.0470064305152
1522314865900723491,19062,1522314865893948078,,205532,1522314865893785953,0,208,66,213,118,171,503,123,337,206059,1522314865886414051,base,-8990.0,4813.0,-4961.0,11825.0,0.0,0.0,0.0,0.0,0.0,0.0,0.0,0.0,0.0,246.0,910.0,162.0,0.0,0.0,0.0,0.0,0.0,0.0,0.0,0.0,0.0,-82.0,-2082.0,292.0,0.0,0.0,0.0,0.0,0.0,0.0,0.0,0.0,0.0,0,0,,0.0,0.0,0.0,0.0,0.0,0.0,0.0,0.0,0.0,0.0,0.0,0.0,0.0,0.0,0.0,0.0,0.0,0.0,0.0,963880,1522314865830277814,,head_nod,head_pan,left_e0,left_e1,left_s0,left_s1,left_w0,left_w1,left_w2,right_e0,right_e1,right_s0,right_s1,right_w0,right_w1,right_w2,torso_t0,0.0,-0.101242732,-0.95605352605,1.44769436857,0.0648106882882,-0.883956429019,0.52423793426,1.24789337094,-0.118116520667,0.907349636034,1.60109244736,-0.284553436153,-1.03121858466,-0.481669967396,1.12364092713,-0.208237891955,-12.5659871192,0.0,-0.0129590696936,-0.0161006623466,0.0227765467343,-0.198313036221,0.0997455667328,-0.0891426915289,-0.55331300601,0.00078539816325,0.000392699081625,-0.006283185306,0.0047123889795,0.00353429173463,-0.0015707963265,-0.00903207887738,0.00117809724488,0.0,0.0,0.0,-10.636,-12.664,0.184,-19.068,0.26,0.116,0.252,10.292,-14.784,0.372,-19.468,-0.016,-0.24,-0.224,-20.48,0,0,/base,/head_1,1.36766272802,-0.0834344571583,0.53922519192,0.431519721081,0.548067636865,0.529874759914,0.482333219408,0,0,/base,/neck_1,1.3750553043,-0.0962339019032,0.346026814874,0.431519721081,0.548067636865,0.529874759914,0.482333219408,0,0,/base,/torso_1,1.37762631482,-0.112296423986,0.161976301024,0.43347934622,0.558832512816,0.518299367083,0.480798965371,0,0,/base,/left_shoulder_1,1.35519718632,0.0243595675804,0.335227072936,-0.134842999319,0.714305850123,0.5753836847,0.374857484113,0,0,/base,/left_elbow_1,1.21502786116,0.0733831046498,0.193394387753,-0.515202870429,0.759058744263,0.289508265705,-0.273094835449,0,0,/base,/left_hand_1,1.13885609703,-0.150455193552,0.221075638269,-0.507826260114,0.52037540413,-0.464935591907,0.505130501646,0,0,/base,/right_shoulder_1,1.39491342159,-0.216827378211,0.356826541193,0.471215904166,-0.324106147285,0.631783002156,0.523221764781,0,0,/base,/right_elbow_1,1.39699129986,-0.304924011101,0.125345416353,0.594496038028,-0.386638768161,0.529870625372,0.46510433678,0,0,/base,/right_hand_1,1.36293935657,-0.313023483424,-0.116240614625,-0.507826260114,0.52037540413,-0.464935591907,0.505130501646,0,0,/base,/left_hip_1,1.36639444928,-0.044537161643,-0.0295808541324,0.520375385052,0.507826291417,0.505130541912,0.464935535322,0,0,/base,/left_knee_1,1.34465770078,-0.0253577347475,-0.398024976454,0.520236012348,0.50799044433,0.505367502746,0.464654589016,0,0,/base,/left_foot_1,1.32372401751,-0.00684887817273,-0.752292748094,-0.507826260114,0.52037540413,-0.464935591907,0.505130501646,0,0,/base,/right_hip_1,1.39400020192,-0.212180716055,-0.0145675554936,0.520375398918,0.507826267411,0.505130504983,0.464935586146,0,0,/base,/right_knee_1,1.37226345292,-0.1930013036,-0.383011693843,0.520240514251,0.507952082631,0.505269479269,0.464798066264,0,0,/base,/right_foot_1,1.35136139035,-0.174559508612,-0.73728482188,-0.507826260114,0.52037540413,-0.464935591907,0.505130501646,0,0,/base,left_hand,0.690528613946,0.404550226412,0.306514835638,0.0106035800261,0.999356973497,-0.025649815279,0.0227000129936,0,0,/base,right_hand,0.622588375783,-0.523588848729,0.316556029329,-0.0747746967802,0.995814387494,-0.0236380955275,0.0469434853928
1522314865903353283,19224,1522314865902812957,,205532,1522314865893785953,0,208,66,213,118,171,503,123,337,206059,1522314865886414051,base,-8990.0,4813.0,-4961.0,11825.0,0.0,0.0,0.0,0.0,0.0,0.0,0.0,0.0,0.0,246.0,910.0,162.0,0.0,0.0,0.0,0.0,0.0,0.0,0.0,0.0,0.0,-82.0,-2082.0,292.0,0.0,0.0,0.0,0.0,0.0,0.0,0.0,0.0,0.0,0,0,,0.0,0.0,0.0,0.0,0.0,0.0,0.0,0.0,0.0,0.0,0.0,0.0,0.0,0.0,0.0,0.0,0.0,0.0,0.0,963879,1522314865820275297,,head_nod,head_pan,left_e0,left_e1,left_s0,left_s1,left_w0,left_w1,left_w2,right_e0,right_e1,right_s0,right_s1,right_w0,right_w1,right_w2,torso_t0,0.0,-0.101242732,-0.956437021247,1.44807786376,0.06711165947,-0.885490409807,0.525388419851,1.2532623037,-0.118883511061,0.906966140837,1.60070895216,-0.283786445759,-1.03198557505,-0.48243695779,1.12440791752,-0.207854396758,-12.5659871192,0.0,-0.00392699081625,0.0161006623466,0.0361283155095,-0.173180294997,0.108384946529,-0.0651880475498,-0.511294204276,0.0168860605099,0.0113882733671,-0.0121736715304,0.00746128255088,-0.003141592653,0.00353429173463,0.0149225651018,-0.00353429173463,0.0,0.0,0.0,-10.508,-12.568,0.092,-19.296,0.252,0.192,0.268,10.416,-14.812,0.28,-19.436,-0.024,-0.228,-0.232,-20.48,0,0,/base,/head_1,1.36766272802,-0.0834344571583,0.53922519192,0.431519721081,0.548067636865,0.529874759914,0.482333219408,0,0,/base,/neck_1,1.3750553043,-0.0962339019032,0.346026814874,0.431519721081,0.548067636865,0.529874759914,0.482333219408,0,0,/base,/torso_1,1.37762631482,-0.112296423986,0.161976301024,0.43347934622,0.558832512816,0.518299367083,0.480798965371,0,0,/base,/left_shoulder_1,1.35519718632,0.0243595675804,0.335227072936,-0.134842999319,0.714305850123,0.5753836847,0.374857484113,0,0,/base,/left_elbow_1,1.21502786116,0.0733831046498,0.193394387753,-0.515202870429,0.759058744263,0.289508265705,-0.273094835449,0,0,/base,/left_hand_1,1.13885609703,-0.150455193552,0.221075638269,-0.507826260114,0.52037540413,-0.464935591907,0.505130501646,0,0,/base,/right_shoulder_1,1.39491342159,-0.216827378211,0.356826541193,0.471215904166,-0.324106147285,0.631783002156,0.523221764781,0,0,/base,/right_elbow_1,1.39699129986,-0.304924011101,0.125345416353,0.594496038028,-0.386638768161,0.529870625372,0.46510433678,0,0,/base,/right_hand_1,1.36293935657,-0.313023483424,-0.116240614625,-0.507826260114,0.52037540413,-0.464935591907,0.505130501646,0,0,/base,/left_hip_1,1.36639444928,-0.044537161643,-0.0295808541324,0.520375385052,0.507826291417,0.505130541912,0.464935535322,0,0,/base,/left_knee_1,1.34465770078,-0.0253577347475,-0.398024976454,0.520236012348,0.50799044433,0.505367502746,0.464654589016,0,0,/base,/left_foot_1,1.32372401751,-0.00684887817273,-0.752292748094,-0.507826260114,0.52037540413,-0.464935591907,0.505130501646,0,0,/base,/right_hip_1,1.39400020192,-0.212180716055,-0.0145675554936,0.520375398918,0.507826267411,0.505130504983,0.464935586146,0,0,/base,/right_knee_1,1.37226345292,-0.1930013036,-0.383011693843,0.520240514251,0.507952082631,0.505269479269,0.464798066264,0,0,/base,/right_foot_1,1.35136139035,-0.174559508612,-0.73728482188,-0.507826260114,0.52037540413,-0.464935591907,0.505130501646,0,0,/base,left_hand,0.690528613946,0.404550226412,0.306514835638,0.0106035800261,0.999356973497,-0.025649815279,0.0227000129936,0,0,/base,right_hand,0.622588375783,-0.523588848729,0.316556029329,-0.0747746967802,0.995814387494,-0.0236380955275,0.0469434853928
1522314865920636796,19063,1522314865918286085,,205533,1522314865916466951,0,213,70,204,111,138,433,113,360,206060,1522314865908761024,base,-8899.0,4955.0,-5046.0,11800.0,0.0,0.0,0.0,0.0,0.0,0.0,0.0,0.0,0.0,308.0,1022.0,230.0,0.0,0.0,0.0,0.0,0.0,0.0,0.0,0.0,0.0,-153.0,-2014.0,251.0,0.0,0.0,0.0,0.0,0.0,0.0,0.0,0.0,0.0,0,0,,0.0,0.0,0.0,0.0,0.0,0.0,0.0,0.0,0.0,0.0,0.0,0.0,0.0,0.0,0.0,0.0,0.0,0.0,0.0,963881,1522314865840252644,,head_nod,head_pan,left_e0,left_e1,left_s0,left_s1,left_w0,left_w1,left_w2,right_e0,right_e1,right_s0,right_s1,right_w0,right_w1,right_w2,torso_t0,0.0,-0.101626227197,-0.955670030853,1.44769436857,0.0625097171063,-0.882805943428,0.522703953472,1.24329142858,-0.118883511061,0.906966140837,1.60070895216,-0.284553436153,-1.03160207985,-0.48243695779,1.12402442232,-0.208621387152,-12.5659871192,0.0,-0.0078539816325,0.0259181393873,0.0133517687753,-0.188888258262,0.111526539182,-0.0899280896921,-0.576089552744,0.00274889357138,-0.00549778714275,-0.00667588438763,0.00117809724488,-0.00196349540813,-0.00274889357138,-0.00196349540813,0.0208130513261,0.0,0.0,0.0,-10.7,-12.788,0.28,-19.004,0.268,0.124,0.24,10.324,-14.784,0.28,-19.468,-0.008,-0.208,-0.224,-20.48,0,0,/base,/head_1,1.36369125661,-0.081017453279,0.539736808767,0.428271149307,0.547420141218,0.531053710248,0.484661705204,0,0,/base,/neck_1,1.37260364301,-0.094448788184,0.346150164603,0.428271149307,0.547420141218,0.531053710248,0.484661705204,0,0,/base,/torso_1,1.37649215441,-0.111467878414,0.162210618682,0.429963127675,0.558832406223,0.518730619299,0.483483810687,0,0,/base,/left_shoulder_1,1.35263559244,0.0260564772684,0.334580476277,-0.133612269537,0.715735763754,0.575221680618,0.37281375519,0,0,/base,/left_elbow_1,1.20996319404,0.0754572630245,0.19168558907,-0.510058755434,0.762371626628,0.297610960659,-0.264683367465,0,0,/base,/left_hand_1,1.12954055321,-0.146048088589,0.21536388902,-0.507826260114,0.52037540413,-0.464935591907,0.505130501646,0,0,/base,/right_shoulder_1,1.39257169343,-0.214954031185,0.357719861759,0.467966767703,-0.3231624892,0.634735376108,0.52314826982,0,0,/base,/right_elbow_1,1.39619183692,-0.304348779889,0.127302921724,0.592570715991,-0.388405773535,0.530787705626,0.465043345497,0,0,/base,/right_hand_1,1.36328334705,-0.312492939377,-0.114440414075,-0.507826260114,0.52037540413,-0.464935591907,0.505130501646,0,0,/base,/left_hip_1,1.36650135986,-0.044726513441,-0.0297707559422,0.520375388867,0.507826285157,0.505130533859,0.464935546639,0,0,/base,/left_knee_1,1.34476461046,-0.0255470857536,-0.398214893476,0.520249955786,0.507974030047,0.505343806752,0.464682693113,0,0,/base,/left_foot_1,1.32383415017,-0.00704493355807,-0.752483204256,-0.507826260114,0.52037540413,-0.464935591907,0.505130501646,0,0,/base,/right_hip_1,1.39425997215,-0.212247439078,-0.0136870993528,0.52037539996,0.507826265952,0.505130504315,0.464935587298,0,0,/base,/right_knee_1,1.37252322315,-0.193068026622,-0.382131237703,0.520254004936,0.507939502026,0.505255583144,0.464811820345,0,0,/base,/right_foot_1,1.3516212832,-0.174626258539,-0.736404374374,-0.507826260114,0.52037540413,-0.464935591907,0.505130501646,0,0,/base,left_hand,0.690528613946,0.404550226412,0.306514835638,0.0106035800261,0.999356973497,-0.025649815279,0.0227000129936,0,0,/base,right_hand,0.622588375783,-0.523588848729,0.316556029329,-0.0747746967802,0.995814387494,-0.0236380955275,0.0469434853928
1522314865924337191,19225,1522314865922753095,,205533,1522314865916466951,0,213,70,204,111,138,433,113,360,206060,1522314865908761024,base,-8899.0,4955.0,-5046.0,11800.0,0.0,0.0,0.0,0.0,0.0,0.0,0.0,0.0,0.0,308.0,1022.0,230.0,0.0,0.0,0.0,0.0,0.0,0.0,0.0,0.0,0.0,-153.0,-2014.0,251.0,0.0,0.0,0.0,0.0,0.0,0.0,0.0,0.0,0.0,0,0,,0.0,0.0,0.0,0.0,0.0,0.0,0.0,0.0,0.0,0.0,0.0,0.0,0.0,0.0,0.0,0.0,0.0,0.0,0.0,963882,1522314865850272415,,head_nod,head_pan,left_e0,left_e1,left_s0,left_s1,left_w0,left_w1,left_w2,right_e0,right_e1,right_s0,right_s1,right_w0,right_w1,right_w2,torso_t0,0.0,-0.102009722394,-0.955286535656,1.44769436857,0.0605922411215,-0.880888467443,0.522320458275,1.23715550543,-0.118500015864,0.906199150443,1.60070895216,-0.284169940956,-1.03121858466,-0.482053462593,1.12325743193,-0.208621387152,-12.5659871192,0.0,0.00235619448975,0.0215984494894,0.00589048622438,-0.213628300404,0.148047553773,-0.109955742855,-0.547029820704,-0.0047123889795,-0.00903207887738,-0.00706858346925,-0.00706858346925,0.00196349540813,-0.00589048622438,-0.00746128255088,-0.0192422549996,0.0,0.0,0.0,-10.764,-12.756,0.248,-18.904,0.26,0.116,0.252,10.388,-14.812,0.248,-19.436,-0.016,-0.188,-0.232,-20.48,0,0,/base,/head_1,1.36369125661,-0.081017453279,0.539736808767,0.428271149307,0.547420141218,0.531053710248,0.484661705204,0,0,/base,/neck_1,1.37260364301,-0.094448788184,0.346150164603,0.428271149307,0.547420141218,0.531053710248,0.484661705204,0,0,/base,/torso_1,1.37649215441,-0.111467878414,0.162210618682,0.429963127675,0.558832406223,0.518730619299,0.483483810687,0,0,/base,/left_shoulder_1,1.35263559244,0.0260564772684,0.334580476277,-0.133612269537,0.715735763754,0.575221680618,0.37281375519,0,0,/base,/left_elbow_1,1.20996319404,0.0754572630245,0.19168558907,-0.510058755434,0.762371626628,0.297610960659,-0.264683367465,0,0,/base,/left_hand_1,1.12954055321,-0.146048088589,0.21536388902,-0.507826260114,0.52037540413,-0.464935591907,0.505130501646,0,0,/base,/right_shoulder_1,1.39257169343,-0.214954031185,0.357719861759,0.467966767703,-0.3231624892,0.634735376108,0.52314826982,0,0,/base,/right_elbow_1,1.39619183692,-0.304348779889,0.127302921724,0.592570715991,-0.388405773535,0.530787705626,0.465043345497,0,0,/base,/right_hand_1,1.36328334705,-0.312492939377,-0.114440414075,-0.507826260114,0.52037540413,-0.464935591907,0.505130501646,0,0,/base,/left_hip_1,1.36650135986,-0.044726513441,-0.0297707559422,0.520375388867,0.507826285157,0.505130533859,0.464935546639,0,0,/base,/left_knee_1,1.34476461046,-0.0255470857536,-0.398214893476,0.520249955786,0.507974030047,0.505343806752,0.464682693113,0,0,/base,/left_foot_1,1.32383415017,-0.00704493355807,-0.752483204256,-0.507826260114,0.52037540413,-0.464935591907,0.505130501646,0,0,/base,/right_hip_1,1.39425997215,-0.212247439078,-0.0136870993528,0.52037539996,0.507826265952,0.505130504315,0.464935587298,0,0,/base,/right_knee_1,1.37252322315,-0.193068026622,-0.382131237703,0.520254004936,0.507939502026,0.505255583144,0.464811820345,0,0,/base,/right_foot_1,1.3516212832,-0.174626258539,-0.736404374374,-0.507826260114,0.52037540413,-0.464935591907,0.505130501646,0,0,/base,left_hand,0.690528613946,0.404550226412,0.306514835638,0.0106035800261,0.999356973497,-0.025649815279,0.0227000129936,0,0,/base,right_hand,0.622588375783,-0.523588848729,0.316556029329,-0.0747746967802,0.995814387494,-0.0236380955275,0.0469434853928
1522314865943238913,19226,1522314865942899942,,205534,1522314865931288957,0,222,70,307,98,149,463,114,374,206061,1522314865924352884,base,-8798.0,5118.0,-5124.0,11772.0,0.0,0.0,0.0,0.0,0.0,0.0,0.0,0.0,0.0,278.0,1105.0,311.0,0.0,0.0,0.0,0.0,0.0,0.0,0.0,0.0,0.0,-214.0,-1965.0,264.0,0.0,0.0,0.0,0.0,0.0,0.0,0.0,0.0,0.0,0,0,,0.0,0.0,0.0,0.0,0.0,0.0,0.0,0.0,0.0,0.0,0.0,0.0,0.0,0.0,0.0,0.0,0.0,0.0,0.0,963884,1522314865870293031,,head_nod,head_pan,left_e0,left_e1,left_s0,left_s1,left_w0,left_w1,left_w2,right_e0,right_e1,right_s0,right_s1,right_w0,right_w1,right_w2,torso_t0,0.0,-0.101242732,-0.954519545262,1.44769436857,0.0556068035608,-0.878204001064,0.520019487093,1.22641763991,-0.118116520667,0.906966140837,1.60032545696,-0.28493693135,-1.03121858466,-0.482053462593,1.12364092713,-0.209004882349,-12.5659871192,0.0,-0.00392699081625,0.0176714586731,-0.0109955742855,-0.219518786628,0.171216799589,-0.110348441937,-0.583158136213,0.0145298660201,0.0145298660201,0.00078539816325,0.006283185306,-0.00078539816325,0.0149225651018,-0.0353429173463,-0.00117809724488,0.0,0.0,0.0,-10.7,-12.724,0.092,-18.708,0.268,0.124,0.252,10.228,-14.844,0.216,-19.436,-0.024,-0.18,-0.24,-20.48,0,0,/base,/head_1,1.36369125661,-0.081017453279,0.539736808767,0.428271149307,0.547420141218,0.531053710248,0.484661705204,0,0,/base,/neck_1,1.37260364301,-0.094448788184,0.346150164603,0.428271149307,0.547420141218,0.531053710248,0.484661705204,0,0,/base,/torso_1,1.37649215441,-0.111467878414,0.162210618682,0.429963127675,0.558832406223,0.518730619299,0.483483810687,0,0,/base,/left_shoulder_1,1.35263559244,0.0260564772684,0.334580476277,-0.133612269537,0.715735763754,0.575221680618,0.37281375519,0,0,/base,/left_elbow_1,1.20996319404,0.0754572630245,0.19168558907,-0.510058755434,0.762371626628,0.297610960659,-0.264683367465,0,0,/base,/left_hand_1,1.12954055321,-0.146048088589,0.21536388902,-0.507826260114,0.52037540413,-0.464935591907,0.505130501646,0,0,/base,/right_shoulder_1,1.39257169343,-0.214954031185,0.357719861759,0.467966767703,-0.3231624892,0.634735376108,0.52314826982,0,0,/base,/right_elbow_1,1.39619183692,-0.304348779889,0.127302921724,0.592570715991,-0.388405773535,0.530787705626,0.465043345497,0,0,/base,/right_hand_1,1.36328334705,-0.312492939377,-0.114440414075,-0.507826260114,0.52037540413,-0.464935591907,0.505130501646,0,0,/base,/left_hip_1,1.36650135986,-0.044726513441,-0.0297707559422,0.520375388867,0.507826285157,0.505130533859,0.464935546639,0,0,/base,/left_knee_1,1.34476461046,-0.0255470857536,-0.398214893476,0.520249955786,0.507974030047,0.505343806752,0.464682693113,0,0,/base,/left_foot_1,1.32383415017,-0.00704493355807,-0.752483204256,-0.507826260114,0.52037540413,-0.464935591907,0.505130501646,0,0,/base,/right_hip_1,1.39425997215,-0.212247439078,-0.0136870993528,0.52037539996,0.507826265952,0.505130504315,0.464935587298,0,0,/base,/right_knee_1,1.37252322315,-0.193068026622,-0.382131237703,0.520254004936,0.507939502026,0.505255583144,0.464811820345,0,0,/base,/right_foot_1,1.3516212832,-0.174626258539,-0.736404374374,-0.507826260114,0.52037540413,-0.464935591907,0.505130501646,0,0,/base,left_hand,0.694660371414,0.399247673664,0.304508846934,0.0125799168462,0.999059567234,-0.0299827501801,0.0286838195305,0,0,/base,right_hand,0.622851282114,-0.524249225103,0.316880753918,-0.0745702815638,0.995795829081,-0.0239095666778,0.0475212848556
1522314865943251127,19064,1522314865942990064,,205534,1522314865931288957,0,222,70,307,98,149,463,114,374,206061,1522314865924352884,base,-8798.0,5118.0,-5124.0,11772.0,0.0,0.0,0.0,0.0,0.0,0.0,0.0,0.0,0.0,278.0,1105.0,311.0,0.0,0.0,0.0,0.0,0.0,0.0,0.0,0.0,0.0,-214.0,-1965.0,264.0,0.0,0.0,0.0,0.0,0.0,0.0,0.0,0.0,0.0,0,0,,0.0,0.0,0.0,0.0,0.0,0.0,0.0,0.0,0.0,0.0,0.0,0.0,0.0,0.0,0.0,0.0,0.0,0.0,0.0,963885,1522314865880247238,,head_nod,head_pan,left_e0,left_e1,left_s0,left_s1,left_w0,left_w1,left_w2,right_e0,right_e1,right_s0,right_s1,right_w0,right_w1,right_w2,torso_t0,0.0,-0.101242732,-0.954136050065,1.44769436857,0.052922337182,-0.87628652508,0.518869001502,1.22066521196,-0.118883511061,0.907349636034,1.60070895216,-0.284553436153,-1.03083508946,-0.482053462593,1.12325743193,-0.208621387152,-12.5659871192,0.0,-0.00078539816325,0.0255254403056,-0.00981747704063,-0.240724537036,0.183390471119,-0.119773219896,-0.582765437132,0.0121736715304,0.012566370612,0.0153152641834,0.00196349540813,0.0161006623466,-0.0047123889795,0.0161006623466,-0.0129590696936,0.0,0.0,0.0,-10.7,-12.568,-0.06,-18.576,0.304,0.124,0.252,10.292,-14.812,0.308,-19.496,-0.048,-0.148,-0.232,-20.48,0,0,/base,/head_1,1.35945831415,-0.0780205299828,0.538609589388,0.425830740118,0.546819010658,0.530487341276,0.488098689918,0,0,/base,/neck_1,1.37260364301,-0.094448788184,0.346150164603,0.428271149307,0.547420141218,0.531053710248,0.484661705204,0,0,/base,/torso_1,1.37649215441,-0.111467878414,0.162210618682,0.429963127675,0.558832406223,0.518730619299,0.483483810687,0,0,/base,/left_shoulder_1,1.35263559244,0.0260564772684,0.334580476277,-0.133612269537,0.715735763754,0.575221680618,0.37281375519,0,0,/base,/left_elbow_1,1.20996319404,0.0754572630245,0.19168558907,-0.510058755434,0.762371626628,0.297610960659,-0.264683367465,0,0,/base,/left_hand_1,1.12954055321,-0.146048088589,0.21536388902,-0.507826260114,0.52037540413,-0.464935591907,0.505130501646,0,0,/base,/right_shoulder_1,1.39257169343,-0.214954031185,0.357719861759,0.467966767703,-0.3231624892,0.634735376108,0.52314826982,0,0,/base,/right_elbow_1,1.39619183692,-0.304348779889,0.127302921724,0.592570715991,-0.388405773535,0.530787705626,0.465043345497,0,0,/base,/right_hand_1,1.36328334705,-0.312492939377,-0.114440414075,-0.507826260114,0.52037540413,-0.464935591907,0.505130501646,0,0,/base,/left_hip_1,1.36650135986,-0.044726513441,-0.0297707559422,0.520375388867,0.507826285157,0.505130533859,0.464935546639,0,0,/base,/left_knee_1,1.34476461046,-0.0255470857536,-0.398214893476,0.520249955786,0.507974030047,0.505343806752,0.464682693113,0,0,/base,/left_foot_1,1.32383415017,-0.00704493355807,-0.752483204256,-0.507826260114,0.52037540413,-0.464935591907,0.505130501646,0,0,/base,/right_hip_1,1.39425997215,-0.212247439078,-0.0136870993528,0.52037539996,0.507826265952,0.505130504315,0.464935587298,0,0,/base,/right_knee_1,1.37252322315,-0.193068026622,-0.382131237703,0.520254004936,0.507939502026,0.505255583144,0.464811820345,0,0,/base,/right_foot_1,1.3516212832,-0.174626258539,-0.736404374374,-0.507826260114,0.52037540413,-0.464935591907,0.505130501646,0,0,/base,left_hand,0.694660371414,0.399247673664,0.304508846934,0.0125799168462,0.999059567234,-0.0299827501801,0.0286838195305,0,0,/base,right_hand,0.622851282114,-0.524249225103,0.316880753918,-0.0745702815638,0.995795829081,-0.0239095666778,0.0475212848556
1522314865981194967,19227,1522314865962564945,,205535,1522314865954581975,0,226,76,330,94,138,398,124,367,206062,1522314865946367025,base,-8706.0,5293.0,-5205.0,11727.0,0.0,0.0,0.0,0.0,0.0,0.0,0.0,0.0,0.0,184.0,1182.0,323.0,0.0,0.0,0.0,0.0,0.0,0.0,0.0,0.0,0.0,-172.0,-1912.0,233.0,0.0,0.0,0.0,0.0,0.0,0.0,0.0,0.0,0.0,0,0,,0.0,0.0,0.0,0.0,0.0,0.0,0.0,0.0,0.0,0.0,0.0,0.0,0.0,0.0,0.0,0.0,0.0,0.0,0.0,963886,1522314865890291850,,head_nod,head_pan,left_e0,left_e1,left_s0,left_s1,left_w0,left_w1,left_w2,right_e0,right_e1,right_s0,right_s1,right_w0,right_w1,right_w2,torso_t0,0.0,-0.102009722394,-0.954903040459,1.44731087337,0.0510048611972,-0.873602058701,0.517718515911,1.21452928881,-0.118883511061,0.907349636034,1.60109244736,-0.284553436153,-1.03160207985,-0.48243695779,1.12402442232,-0.209004882349,-12.5659871192,0.0,0.0106028752039,0.0145298660201,-0.0137444678569,-0.258003296628,0.177107285813,-0.0832522053045,-0.602400391213,-0.0102101761223,-0.00706858346925,-0.00706858346925,-0.0117809724488,0.0200276531629,0.0153152641834,0.00353429173463,-0.0117809724488,0.0,0.0,0.0,-10.828,-12.472,-0.092,-18.544,0.324,0.116,0.24,10.324,-14.812,0.34,-19.524,-0.048,-0.148,-0.224,-20.48,0,0,/base,/head_1,1.35945831415,-0.0780205299828,0.538609589388,0.425830740118,0.546819010658,0.530487341276,0.488098689918,0,0,/base,/neck_1,1.36955290698,-0.0924408723148,0.345885659415,0.425830740118,0.546819010658,0.530487341276,0.488098689918,0,0,/base,/torso_1,1.37492896062,-0.110012480049,0.162037065073,0.427605932101,0.557209745318,0.519237426036,0.486891119203,0,0,/base,/left_shoulder_1,1.34989996123,0.028066522781,0.333795602443,-0.127376552816,0.717772868039,0.574856007027,0.371642159725,0,0,/base,/left_elbow_1,1.20493958045,0.0793198465871,0.191217063979,-0.499679725958,0.767857268571,0.311455288228,-0.252410360334,0,0,/base,/left_hand_1,1.11681111478,-0.139005679868,0.209251451992,-0.507826260114,0.52037540413,-0.464935591907,0.505130501646,0,0,/base,/right_shoulder_1,1.38920585292,-0.212948275026,0.357975715978,0.463151925376,-0.32414665949,0.638087838248,0.522745777449,0,0,/base,/right_elbow_1,1.39526629232,-0.303865432524,0.127507429362,0.591944209159,-0.387895208068,0.532628232025,0.464162177747,0,0,/base,/right_hand_1,1.36311967557,-0.312464724399,-0.114323953862,-0.507826260114,0.52037540413,-0.464935591907,0.505130501646,0,0,/base,/left_hip_1,1.3666447525,-0.0438221233868,-0.0302150552339,0.52037539192,0.507826280148,0.505130527417,0.464935555692,0,0,/base,/left_knee_1,1.34490800221,-0.0246426949076,-0.398659207979,0.520262504054,0.507959256421,0.505322479589,0.464707986066,0,0,/base,/left_foot_1,1.32398050374,-0.00614658401289,-0.752928007977,-0.507826260114,0.52037540413,-0.464935591907,0.505130501646,0,0,/base,/right_hip_1,1.39396527642,-0.211346067411,-0.0134080041218,0.520375400794,0.507826264784,0.505130503781,0.46493558822,0,0,/base,/right_knee_1,1.37222852652,-0.192166654163,-0.381852157683,0.520266146226,0.507928179172,0.505243076324,0.464824198726,0,0,/base,/right_foot_1,1.35132670839,-0.173724882521,-0.736125301356,-0.507826260114,0.52037540413,-0.464935591907,0.505130501646,0,0,/base,left_hand,0.6992195829,0.393280958501,0.302254787176,0.014945199557,0.998667602569,-0.0347577825811,0.0350935483998,0,0,/base,right_hand,0.622504558045,-0.523775010454,0.316719028583,-0.0753068402127,0.995769847013,-0.0241547549124,0.0467743456711
1522314865981207219,19065,1522314865955501079,,205535,1522314865954581975,0,226,76,330,94,138,398,124,367,206062,1522314865946367025,base,-8706.0,5293.0,-5205.0,11727.0,0.0,0.0,0.0,0.0,0.0,0.0,0.0,0.0,0.0,184.0,1182.0,323.0,0.0,0.0,0.0,0.0,0.0,0.0,0.0,0.0,0.0,-172.0,-1912.0,233.0,0.0,0.0,0.0,0.0,0.0,0.0,0.0,0.0,0.0,0,0,,0.0,0.0,0.0,0.0,0.0,0.0,0.0,0.0,0.0,0.0,0.0,0.0,0.0,0.0,0.0,0.0,0.0,0.0,0.0,963886,1522314865890291850,,head_nod,head_pan,left_e0,left_e1,left_s0,left_s1,left_w0,left_w1,left_w2,right_e0,right_e1,right_s0,right_s1,right_w0,right_w1,right_w2,torso_t0,0.0,-0.102009722394,-0.954903040459,1.44731087337,0.0510048611972,-0.873602058701,0.517718515911,1.21452928881,-0.118883511061,0.907349636034,1.60109244736,-0.284553436153,-1.03160207985,-0.48243695779,1.12402442232,-0.209004882349,-12.5659871192,0.0,0.0106028752039,0.0145298660201,-0.0137444678569,-0.258003296628,0.177107285813,-0.0832522053045,-0.602400391213,-0.0102101761223,-0.00706858346925,-0.00706858346925,-0.0117809724488,0.0200276531629,0.0153152641834,0.00353429173463,-0.0117809724488,0.0,0.0,0.0,-10.828,-12.472,-0.092,-18.544,0.324,0.116,0.24,10.324,-14.812,0.34,-19.524,-0.048,-0.148,-0.224,-20.48,0,0,/base,/head_1,1.35945831415,-0.0780205299828,0.538609589388,0.425830740118,0.546819010658,0.530487341276,0.488098689918,0,0,/base,/neck_1,1.36955290698,-0.0924408723148,0.345885659415,0.425830740118,0.546819010658,0.530487341276,0.488098689918,0,0,/base,/torso_1,1.37492896062,-0.110012480049,0.162037065073,0.427605932101,0.557209745318,0.519237426036,0.486891119203,0,0,/base,/left_shoulder_1,1.34989996123,0.028066522781,0.333795602443,-0.127376552816,0.717772868039,0.574856007027,0.371642159725,0,0,/base,/left_elbow_1,1.20493958045,0.0793198465871,0.191217063979,-0.499679725958,0.767857268571,0.311455288228,-0.252410360334,0,0,/base,/left_hand_1,1.11681111478,-0.139005679868,0.209251451992,-0.507826260114,0.52037540413,-0.464935591907,0.505130501646,0,0,/base,/right_shoulder_1,1.38920585292,-0.212948275026,0.357975715978,0.463151925376,-0.32414665949,0.638087838248,0.522745777449,0,0,/base,/right_elbow_1,1.39526629232,-0.303865432524,0.127507429362,0.591944209159,-0.387895208068,0.532628232025,0.464162177747,0,0,/base,/right_hand_1,1.36311967557,-0.312464724399,-0.114323953862,-0.507826260114,0.52037540413,-0.464935591907,0.505130501646,0,0,/base,/left_hip_1,1.3666447525,-0.0438221233868,-0.0302150552339,0.52037539192,0.507826280148,0.505130527417,0.464935555692,0,0,/base,/left_knee_1,1.34490800221,-0.0246426949076,-0.398659207979,0.520262504054,0.507959256421,0.505322479589,0.464707986066,0,0,/base,/left_foot_1,1.32398050374,-0.00614658401289,-0.752928007977,-0.507826260114,0.52037540413,-0.464935591907,0.505130501646,0,0,/base,/right_hip_1,1.39396527642,-0.211346067411,-0.0134080041218,0.520375400794,0.507826264784,0.505130503781,0.46493558822,0,0,/base,/right_knee_1,1.37222852652,-0.192166654163,-0.381852157683,0.520266146226,0.507928179172,0.505243076324,0.464824198726,0,0,/base,/right_foot_1,1.35132670839,-0.173724882521,-0.736125301356,-0.507826260114,0.52037540413,-0.464935591907,0.505130501646,0,0,/base,left_hand,0.6992195829,0.393280958501,0.302254787176,0.014945199557,0.998667602569,-0.0347577825811,0.0350935483998,0,0,/base,right_hand,0.622504558045,-0.523775010454,0.316719028583,-0.0753068402127,0.995769847013,-0.0241547549124,0.0467743456711
1522314865981209650,19066,1522314865980303049,,205536,1522314865978107929,0,182,65,343,68,131,400,117,280,206063,1522314865977246046,base,-8617.0,5486.0,-5286.0,11668.0,0.0,0.0,0.0,0.0,0.0,0.0,0.0,0.0,0.0,89.0,1281.0,376.0,0.0,0.0,0.0,0.0,0.0,0.0,0.0,0.0,0.0,-135.0,-1928.0,248.0,0.0,0.0,0.0,0.0,0.0,0.0,0.0,0.0,0.0,0,0,,0.0,0.0,0.0,0.0,0.0,0.0,0.0,0.0,0.0,0.0,0.0,0.0,0.0,0.0,0.0,0.0,0.0,0.0,0.0,963886,1522314865890291850,,head_nod,head_pan,left_e0,left_e1,left_s0,left_s1,left_w0,left_w1,left_w2,right_e0,right_e1,right_s0,right_s1,right_w0,right_w1,right_w2,torso_t0,0.0,-0.102009722394,-0.954903040459,1.44731087337,0.0510048611972,-0.873602058701,0.517718515911,1.21452928881,-0.118883511061,0.907349636034,1.60109244736,-0.284553436153,-1.03160207985,-0.48243695779,1.12402442232,-0.209004882349,-12.5659871192,0.0,0.0106028752039,0.0145298660201,-0.0137444678569,-0.258003296628,0.177107285813,-0.0832522053045,-0.602400391213,-0.0102101761223,-0.00706858346925,-0.00706858346925,-0.0117809724488,0.0200276531629,0.0153152641834,0.00353429173463,-0.0117809724488,0.0,0.0,0.0,-10.828,-12.472,-0.092,-18.544,0.324,0.116,0.24,10.324,-14.812,0.34,-19.524,-0.048,-0.148,-0.224,-20.48,0,0,/base,/head_1,1.35495464667,-0.0740503757774,0.536938081933,0.418264670964,0.549242499487,0.532187940862,0.490064625719,0,0,/base,/neck_1,1.36692757252,-0.0901666238468,0.345376995337,0.418264670964,0.549242499487,0.532187940862,0.490064625719,0,0,/base,/torso_1,1.37365785519,-0.108830689344,0.161685761635,0.42167302696,0.559365529554,0.521237688152,0.487455982763,0,0,/base,/left_shoulder_1,1.34617424431,0.0300583838857,0.332403486619,-0.120592348338,0.720418061277,0.570774812219,0.37506188322,0,0,/base,/left_elbow_1,1.19919893773,0.0842807262782,0.187880848308,-0.487255648563,0.775845368069,0.320793262925,-0.240286454573,0,0,/base,/left_hand_1,1.10281897087,-0.129853507248,0.202050908427,-0.507826260114,0.52037540413,-0.464935591907,0.505130501646,0,0,/base,/right_shoulder_1,1.38768090137,-0.210391639591,0.358350511252,0.464085114114,-0.321663250715,0.639739377107,0.521431960447,0,0,/base,/right_elbow_1,1.39406901998,-0.302849775766,0.125266012417,0.590007086215,-0.387064662633,0.536037851519,0.46339616625,0,0,/base,/right_hand_1,1.36338776546,-0.312627153018,-0.116705830552,-0.507826260114,0.52037540413,-0.464935591907,0.505130501646,0,0,/base,/left_hip_1,1.3666447525,-0.0438221233868,-0.0302150552339,0.52037539192,0.507826280148,0.505130527417,0.464935555692,0,0,/base,/left_knee_1,1.34490800221,-0.0246426949076,-0.398659207979,0.520262504054,0.507959256421,0.505322479589,0.464707986066,0,0,/base,/left_foot_1,1.32398050374,-0.00614658401289,-0.752928007977,-0.507826260114,0.52037540413,-0.464935591907,0.505130501646,0,0,/base,/right_hip_1,1.39396527642,-0.211346067411,-0.0134080041218,0.520375400794,0.507826264784,0.505130503781,0.46493558822,0,0,/base,/right_knee_1,1.37222852652,-0.192166654163,-0.381852157683,0.520266146226,0.507928179172,0.505243076324,0.464824198726,0,0,/base,/right_foot_1,1.35132670839,-0.173724882521,-0.736125301356,-0.507826260114,0.52037540413,-0.464935591907,0.505130501646,0,0,/base,left_hand,0.6992195829,0.393280958501,0.302254787176,0.014945199557,0.998667602569,-0.0347577825811,0.0350935483998,0,0,/base,right_hand,0.622504558045,-0.523775010454,0.316719028583,-0.0753068402127,0.995769847013,-0.0241547549124,0.0467743456711
1522314866021200165,19228,1522314865982125997,,205536,1522314865978107929,0,182,65,343,68,131,400,117,280,206063,1522314865977246046,base,-8617.0,5486.0,-5286.0,11668.0,0.0,0.0,0.0,0.0,0.0,0.0,0.0,0.0,0.0,89.0,1281.0,376.0,0.0,0.0,0.0,0.0,0.0,0.0,0.0,0.0,0.0,-135.0,-1928.0,248.0,0.0,0.0,0.0,0.0,0.0,0.0,0.0,0.0,0.0,0,0,,0.0,0.0,0.0,0.0,0.0,0.0,0.0,0.0,0.0,0.0,0.0,0.0,0.0,0.0,0.0,0.0,0.0,0.0,0.0,963889,1522314865920289064,,head_nod,head_pan,left_e0,left_e1,left_s0,left_s1,left_w0,left_w1,left_w2,right_e0,right_e1,right_s0,right_s1,right_w0,right_w1,right_w2,torso_t0,0.0,-0.100859236803,-0.953752554868,1.44692737817,0.0421844716668,-0.866315649958,0.517718515911,1.19573802416,-0.118883511061,0.90658264564,1.60109244736,-0.284553436153,-1.03083508946,-0.482053462593,1.12364092713,-0.208621387152,-12.5659871192,0.0,0.00981747704063,0.0357356164279,-0.0129590696936,-0.30198559377,0.266249977342,-0.0380918109176,-0.69350657815,0.000392699081625,0.0129590696936,-0.00431968989788,-0.00903207887738,-0.003141592653,0.003141592653,-0.00117809724488,-0.000392699081625,0.0,0.0,0.0,-10.732,-12.312,0.184,-17.988,0.252,0.124,0.26,10.292,-14.784,0.372,-19.468,-0.032,-0.24,-0.212,-20.48,0,0,/base,/head_1,1.35495464667,-0.0740503757774,0.536938081933,0.418264670964,0.549242499487,0.532187940862,0.490064625719,0,0,/base,/neck_1,1.36955290698,-0.0924408723148,0.345885659415,0.425830740118,0.546819010658,0.530487341276,0.488098689918,0,0,/base,/torso_1,1.37492896062,-0.110012480049,0.162037065073,0.427605932101,0.557209745318,0.519237426036,0.486891119203,0,0,/base,/left_shoulder_1,1.34989996123,0.028066522781,0.333795602443,-0.127376552816,0.717772868039,0.574856007027,0.371642159725,0,0,/base,/left_elbow_1,1.20493958045,0.0793198465871,0.191217063979,-0.499679725958,0.767857268571,0.311455288228,-0.252410360334,0,0,/base,/left_hand_1,1.11681111478,-0.139005679868,0.209251451992,-0.507826260114,0.52037540413,-0.464935591907,0.505130501646,0,0,/base,/right_shoulder_1,1.38920585292,-0.212948275026,0.357975715978,0.463151925376,-0.32414665949,0.638087838248,0.522745777449,0,0,/base,/right_elbow_1,1.39526629232,-0.303865432524,0.127507429362,0.591944209159,-0.387895208068,0.532628232025,0.464162177747,0,0,/base,/right_hand_1,1.36311967557,-0.312464724399,-0.114323953862,-0.507826260114,0.52037540413,-0.464935591907,0.505130501646,0,0,/base,/left_hip_1,1.3666447525,-0.0438221233868,-0.0302150552339,0.52037539192,0.507826280148,0.505130527417,0.464935555692,0,0,/base,/left_knee_1,1.34490800221,-0.0246426949076,-0.398659207979,0.520262504054,0.507959256421,0.505322479589,0.464707986066,0,0,/base,/left_foot_1,1.32398050374,-0.00614658401289,-0.752928007977,-0.507826260114,0.52037540413,-0.464935591907,0.505130501646,0,0,/base,/right_hip_1,1.39396527642,-0.211346067411,-0.0134080041218,0.520375400794,0.507826264784,0.505130503781,0.46493558822,0,0,/base,/right_knee_1,1.37222852652,-0.192166654163,-0.381852157683,0.520266146226,0.507928179172,0.505243076324,0.464824198726,0,0,/base,/right_foot_1,1.35132670839,-0.173724882521,-0.736125301356,-0.507826260114,0.52037540413,-0.464935591907,0.505130501646,0,0,/base,left_hand,0.6992195829,0.393280958501,0.302254787176,0.014945199557,0.998667602569,-0.0347577825811,0.0350935483998,0,0,/base,right_hand,0.622504558045,-0.523775010454,0.316719028583,-0.0753068402127,0.995769847013,-0.0241547549124,0.0467743456711
1522314866021210022,19229,1522314866002778053,,205537,1522314865991138935,0,176,61,367,101,140,412,122,341,206064,1522314865986900091,base,-8505.0,5698.0,-5370.0,11610.0,0.0,0.0,0.0,0.0,0.0,0.0,0.0,0.0,0.0,143.0,1403.0,457.0,0.0,0.0,0.0,0.0,0.0,0.0,0.0,0.0,0.0,-198.0,-2007.0,295.0,0.0,0.0,0.0,0.0,0.0,0.0,0.0,0.0,0.0,0,0,,0.0,0.0,0.0,0.0,0.0,0.0,0.0,0.0,0.0,0.0,0.0,0.0,0.0,0.0,0.0,0.0,0.0,0.0,0.0,963889,1522314865920289064,,head_nod,head_pan,left_e0,left_e1,left_s0,left_s1,left_w0,left_w1,left_w2,right_e0,right_e1,right_s0,right_s1,right_w0,right_w1,right_w2,torso_t0,0.0,-0.100859236803,-0.953752554868,1.44692737817,0.0421844716668,-0.866315649958,0.517718515911,1.19573802416,-0.118883511061,0.90658264564,1.60109244736,-0.284553436153,-1.03083508946,-0.482053462593,1.12364092713,-0.208621387152,-12.5659871192,0.0,0.00981747704063,0.0357356164279,-0.0129590696936,-0.30198559377,0.266249977342,-0.0380918109176,-0.69350657815,0.000392699081625,0.0129590696936,-0.00431968989788,-0.00903207887738,-0.003141592653,0.003141592653,-0.00117809724488,-0.000392699081625,0.0,0.0,0.0,-10.732,-12.312,0.184,-17.988,0.252,0.124,0.26,10.292,-14.784,0.372,-19.468,-0.032,-0.24,-0.212,-20.48,0,0,/base,/head_1,1.35495464667,-0.0740503757774,0.536938081933,0.418264670964,0.549242499487,0.532187940862,0.490064625719,0,0,/base,/neck_1,1.36692757252,-0.0901666238468,0.345376995337,0.418264670964,0.549242499487,0.532187940862,0.490064625719,0,0,/base,/torso_1,1.37365785519,-0.108830689344,0.161685761635,0.42167302696,0.559365529554,0.521237688152,0.487455982763,0,0,/base,/left_shoulder_1,1.34617424431,0.0300583838857,0.332403486619,-0.120592348338,0.720418061277,0.570774812219,0.37506188322,0,0,/base,/left_elbow_1,1.19919893773,0.0842807262782,0.187880848308,-0.487255648563,0.775845368069,0.320793262925,-0.240286454573,0,0,/base,/left_hand_1,1.10281897087,-0.129853507248,0.202050908427,-0.507826260114,0.52037540413,-0.464935591907,0.505130501646,0,0,/base,/right_shoulder_1,1.38768090137,-0.210391639591,0.358350511252,0.464085114114,-0.321663250715,0.639739377107,0.521431960447,0,0,/base,/right_elbow_1,1.39406901998,-0.302849775766,0.125266012417,0.590007086215,-0.387064662633,0.536037851519,0.46339616625,0,0,/base,/right_hand_1,1.36338776546,-0.312627153018,-0.116705830552,-0.507826260114,0.52037540413,-0.464935591907,0.505130501646,0,0,/base,/left_hip_1,1.36596290607,-0.0439290582728,-0.0310230642579,0.520375394362,0.507826276141,0.505130522263,0.464935562935,0,0,/base,/left_knee_1,1.34422615847,-0.0247496321692,-0.399467171368,0.520273796855,0.507945959505,0.505303284495,0.464730749152,0,0,/base,/left_foot_1,1.32330136228,-0.00625896042394,-0.753736413924,-0.507826260114,0.52037540413,-0.464935591907,0.505130501646,0,0,/base,/right_hip_1,1.39481336967,-0.211060451408,-0.012987879875,0.520375401462,0.50782626385,0.505130503354,0.464935588957,0,0,/base,/right_knee_1,1.37307662157,-0.191881039744,-0.381432003013,0.520277073135,0.507917988342,0.505231819925,0.464835339044,0,0,/base,/right_foot_1,1.35217492525,-0.173439264543,-0.735705153687,-0.507826260114,0.52037540413,-0.464935591907,0.505130501646,0,0,/base,left_hand,0.704195520486,0.387180309169,0.29915000321,0.018329619701,0.998212612506,-0.038650270864,0.0417344203016,0,0,/base,right_hand,0.622409563368,-0.524006361829,0.316250638559,-0.0747147399505,0.995830250383,-0.0237447938997,0.0466476668096
1522314866021213506,19067,1522314865992213964,,205537,1522314865991138935,0,176,61,367,101,140,412,122,341,206064,1522314865986900091,base,-8505.0,5698.0,-5370.0,11610.0,0.0,0.0,0.0,0.0,0.0,0.0,0.0,0.0,0.0,143.0,1403.0,457.0,0.0,0.0,0.0,0.0,0.0,0.0,0.0,0.0,0.0,-198.0,-2007.0,295.0,0.0,0.0,0.0,0.0,0.0,0.0,0.0,0.0,0.0,0,0,,0.0,0.0,0.0,0.0,0.0,0.0,0.0,0.0,0.0,0.0,0.0,0.0,0.0,0.0,0.0,0.0,0.0,0.0,0.0,963890,1522314865930291319,,head_nod,head_pan,left_e0,left_e1,left_s0,left_s1,left_w0,left_w1,left_w2,right_e0,right_e1,right_s0,right_s1,right_w0,right_w1,right_w2,torso_t0,0.0,-0.101242732,-0.953752554868,1.44731087337,0.0391165100911,-0.86478166917,0.516951525517,1.18768462502,-0.118883511061,0.907733131231,1.60070895216,-0.284169940956,-1.03121858466,-0.482053462593,1.12364092713,-0.208237891955,-12.5659871192,0.0,0.00431968989788,0.0298451302035,-0.0133517687753,-0.30198559377,0.261537588362,-0.00981747704063,-0.716675823966,0.00746128255088,0.0015707963265,-0.00667588438763,0.00392699081625,-0.00706858346925,0.0047123889795,0.006283185306,-0.00196349540813,0.0,0.0,0.0,-10.86,-12.312,0.184,-17.76,0.268,0.116,0.24,10.196,-14.812,0.372,-19.436,-0.032,-0.22,-0.232,-20.48,0,0,/base,/head_1,1.35495464667,-0.0740503757774,0.536938081933,0.418264670964,0.549242499487,0.532187940862,0.490064625719,0,0,/base,/neck_1,1.36692757252,-0.0901666238468,0.345376995337,0.418264670964,0.549242499487,0.532187940862,0.490064625719,0,0,/base,/torso_1,1.37365785519,-0.108830689344,0.161685761635,0.42167302696,0.559365529554,0.521237688152,0.487455982763,0,0,/base,/left_shoulder_1,1.34617424431,0.0300583838857,0.332403486619,-0.120592348338,0.720418061277,0.570774812219,0.37506188322,0,0,/base,/left_elbow_1,1.19919893773,0.0842807262782,0.187880848308,-0.487255648563,0.775845368069,0.320793262925,-0.240286454573,0,0,/base,/left_hand_1,1.10281897087,-0.129853507248,0.202050908427,-0.507826260114,0.52037540413,-0.464935591907,0.505130501646,0,0,/base,/right_shoulder_1,1.38768090137,-0.210391639591,0.358350511252,0.464085114114,-0.321663250715,0.639739377107,0.521431960447,0,0,/base,/right_elbow_1,1.39406901998,-0.302849775766,0.125266012417,0.590007086215,-0.387064662633,0.536037851519,0.46339616625,0,0,/base,/right_hand_1,1.36338776546,-0.312627153018,-0.116705830552,-0.507826260114,0.52037540413,-0.464935591907,0.505130501646,0,0,/base,/left_hip_1,1.36596290607,-0.0439290582728,-0.0310230642579,0.520375394362,0.507826276141,0.505130522263,0.464935562935,0,0,/base,/left_knee_1,1.34422615847,-0.0247496321692,-0.399467171368,0.520273796855,0.507945959505,0.505303284495,0.464730749152,0,0,/base,/left_foot_1,1.32330136228,-0.00625896042394,-0.753736413924,-0.507826260114,0.52037540413,-0.464935591907,0.505130501646,0,0,/base,/right_hip_1,1.39481336967,-0.211060451408,-0.012987879875,0.520375401462,0.50782626385,0.505130503354,0.464935588957,0,0,/base,/right_knee_1,1.37307662157,-0.191881039744,-0.381432003013,0.520277073135,0.507917988342,0.505231819925,0.464835339044,0,0,/base,/right_foot_1,1.35217492525,-0.173439264543,-0.735705153687,-0.507826260114,0.52037540413,-0.464935591907,0.505130501646,0,0,/base,left_hand,0.704195520486,0.387180309169,0.29915000321,0.018329619701,0.998212612506,-0.038650270864,0.0417344203016,0,0,/base,right_hand,0.622409563368,-0.524006361829,0.316250638559,-0.0747147399505,0.995830250383,-0.0237447938997,0.0466476668096
1522314866021220695,19068,1522314866016320943,,205537,1522314865991138935,0,176,61,367,101,140,412,122,341,206064,1522314865986900091,base,-8505.0,5698.0,-5370.0,11610.0,0.0,0.0,0.0,0.0,0.0,0.0,0.0,0.0,0.0,143.0,1403.0,457.0,0.0,0.0,0.0,0.0,0.0,0.0,0.0,0.0,0.0,-198.0,-2007.0,295.0,0.0,0.0,0.0,0.0,0.0,0.0,0.0,0.0,0.0,0,0,,0.0,0.0,0.0,0.0,0.0,0.0,0.0,0.0,0.0,0.0,0.0,0.0,0.0,0.0,0.0,0.0,0.0,0.0,0.0,963891,1522314865940270399,,head_nod,head_pan,left_e0,left_e1,left_s0,left_s1,left_w0,left_w1,left_w2,right_e0,right_e1,right_s0,right_s1,right_w0,right_w1,right_w2,torso_t0,0.0,-0.101242732,-0.953369059671,1.44692737817,0.0364320437123,-0.862097202792,0.516951525517,1.18001472108,-0.118500015864,0.90658264564,1.60070895216,-0.284553436153,-1.03160207985,-0.48243695779,1.12364092713,-0.209004882349,-12.5659871192,0.0,0.00589048622438,0.0349502182646,0.00549778714275,-0.298058602953,0.26585727826,-0.0243473430608,-0.733954583557,0.00589048622438,-0.00431968989788,0.00431968989788,-0.00274889357138,-0.00274889357138,-0.0215984494894,0.0047123889795,0.0109955742855,0.0,0.0,0.0,-11.024,-12.312,0.152,-17.628,0.252,0.144,0.224,10.324,-14.812,0.372,-19.408,0.008,-0.208,-0.212,-20.48,0,0,/base,/head_1,1.35128534671,-0.0698113199383,0.538038029407,0.413733869198,0.551489166051,0.53343757767,0.490028913368,0,0,/base,/neck_1,1.36410132576,-0.0868852780418,0.346405101945,0.413733869198,0.551489166051,0.53343757767,0.490028913368,0,0,/base,/torso_1,1.37229137364,-0.106925457872,0.162922335534,0.415582210742,0.561425717485,0.522554600999,0.488906206583,0,0,/base,/left_shoulder_1,1.34244474074,0.0330540032066,0.332341080098,-0.115535328618,0.722762108774,0.566777137747,0.378193334273,0,0,/base,/left_elbow_1,1.19211598972,0.0902973311427,0.184109964467,-0.472931352159,0.785284648524,0.333047545992,-0.220778823819,0,0,/base,/left_hand_1,1.08496077673,-0.119177902804,0.191579808538,-0.507826260114,0.52037540413,-0.464935591907,0.505130501646,0,0,/base,/right_shoulder_1,1.38575791077,-0.20682455929,0.360469123793,0.462236679464,-0.318587338169,0.643258324719,0.52063239219,0,0,/base,/right_elbow_1,1.39347795035,-0.301631769638,0.126427835515,0.588459988462,-0.387811683933,0.538435922127,0.461956380569,0,0,/base,/right_hand_1,1.36433724485,-0.311650936606,-0.115724316001,-0.507826260114,0.52037540413,-0.464935591907,0.505130501646,0,0,/base,/left_hip_1,1.36539854993,-0.0434335212327,-0.0303553639624,0.520375396316,0.507826272936,0.505130518139,0.46493556873,0,0,/base,/left_knee_1,1.34366180003,-0.0242541079852,-0.398799517524,0.52028395985,0.507933991763,0.505286008388,0.464751235459,0,0,/base,/left_foot_1,1.32273944775,-0.00576831893319,-0.753069158431,-0.507826260114,0.52037540413,-0.464935591907,0.505130501646,0,0,/base,/right_hip_1,1.3955642931,-0.210497754173,-0.0107654977914,0.28748406528,0.716554842311,0.619786900564,0.140592560473,0,0,/base,/right_knee_1,1.30770652651,-0.235050694318,-0.368912918441,-0.177144709522,0.637818488711,0.709811626626,-0.240779529972,0,0,/base,/right_foot_1,1.26653936793,-0.210023689368,-0.721000066689,-0.507826260114,0.52037540413,-0.464935591907,0.505130501646,0,0,/base,left_hand,0.70964269294,0.37997245782,0.296027143994,0.0216824248216,0.997604905301,-0.0431299059844,0.0495392428605,0,0,/base,right_hand,0.622510391625,-0.524964192749,0.316921043638,-0.0737804352738,0.995868400971,-0.0244448230912,0.0469577037627
1522314866061169280,19230,1522314866023504972,,205537,1522314865991138935,0,176,61,367,101,140,412,122,341,206064,1522314865986900091,base,-8505.0,5698.0,-5370.0,11610.0,0.0,0.0,0.0,0.0,0.0,0.0,0.0,0.0,0.0,143.0,1403.0,457.0,0.0,0.0,0.0,0.0,0.0,0.0,0.0,0.0,0.0,-198.0,-2007.0,295.0,0.0,0.0,0.0,0.0,0.0,0.0,0.0,0.0,0.0,0,0,,0.0,0.0,0.0,0.0,0.0,0.0,0.0,0.0,0.0,0.0,0.0,0.0,0.0,0.0,0.0,0.0,0.0,0.0,0.0,963892,1522314865950297773,,head_nod,head_pan,left_e0,left_e1,left_s0,left_s1,left_w0,left_w1,left_w2,right_e0,right_e1,right_s0,right_s1,right_w0,right_w1,right_w2,torso_t0,0.0,-0.100859236803,-0.952985564474,1.44731087337,0.0325970917426,-0.859029241216,0.517335020714,1.17387879793,-0.120033996652,0.90658264564,1.59955846657,-0.285320426547,-1.03121858466,-0.482820452987,1.12440791752,-0.207854396758,-12.5659871192,0.0,-0.0153152641834,0.0333794219381,-0.00353429173463,-0.322405946014,0.276067454382,-0.0164933614283,-0.763407014679,-0.0765763209169,-0.00274889357138,0.00196349540813,0.0137444678569,-0.0180641577548,-0.00274889357138,0.0015707963265,-0.0078539816325,0.0,0.0,0.0,-11.056,-12.312,-0.028,-17.696,0.252,0.116,0.156,10.292,-14.812,0.216,-19.408,-0.016,-0.2,-0.224,-20.48,0,0,/base,/head_1,1.35128534671,-0.0698113199383,0.538038029407,0.413733869198,0.551489166051,0.53343757767,0.490028913368,0,0,/base,/neck_1,1.36410132576,-0.0868852780418,0.346405101945,0.413733869198,0.551489166051,0.53343757767,0.490028913368,0,0,/base,/torso_1,1.37229137364,-0.106925457872,0.162922335534,0.415582210742,0.561425717485,0.522554600999,0.488906206583,0,0,/base,/left_shoulder_1,1.34244474074,0.0330540032066,0.332341080098,-0.115535328618,0.722762108774,0.566777137747,0.378193334273,0,0,/base,/left_elbow_1,1.19211598972,0.0902973311427,0.184109964467,-0.472931352159,0.785284648524,0.333047545992,-0.220778823819,0,0,/base,/left_hand_1,1.08496077673,-0.119177902804,0.191579808538,-0.507826260114,0.52037540413,-0.464935591907,0.505130501646,0,0,/base,/right_shoulder_1,1.38575791077,-0.20682455929,0.360469123793,0.462236679464,-0.318587338169,0.643258324719,0.52063239219,0,0,/base,/right_elbow_1,1.39347795035,-0.301631769638,0.126427835515,0.588459988462,-0.387811683933,0.538435922127,0.461956380569,0,0,/base,/right_hand_1,1.36433724485,-0.311650936606,-0.115724316001,-0.507826260114,0.52037540413,-0.464935591907,0.505130501646,0,0,/base,/left_hip_1,1.36539854993,-0.0434335212327,-0.0303553639624,0.520375396316,0.507826272936,0.505130518139,0.46493556873,0,0,/base,/left_knee_1,1.34366180003,-0.0242541079852,-0.398799517524,0.52028395985,0.507933991763,0.505286008388,0.464751235459,0,0,/base,/left_foot_1,1.32273944775,-0.00576831893319,-0.753069158431,-0.507826260114,0.52037540413,-0.464935591907,0.505130501646,0,0,/base,/right_hip_1,1.3955642931,-0.210497754173,-0.0107654977914,0.28748406528,0.716554842311,0.619786900564,0.140592560473,0,0,/base,/right_knee_1,1.30770652651,-0.235050694318,-0.368912918441,-0.177144709522,0.637818488711,0.709811626626,-0.240779529972,0,0,/base,/right_foot_1,1.26653936793,-0.210023689368,-0.721000066689,-0.507826260114,0.52037540413,-0.464935591907,0.505130501646,0,0,/base,left_hand,0.70964269294,0.37997245782,0.296027143994,0.0216824248216,0.997604905301,-0.0431299059844,0.0495392428605,0,0,/base,right_hand,0.622510391625,-0.524964192749,0.316921043638,-0.0737804352738,0.995868400971,-0.0244448230912,0.0469577037627
1522314866061179443,19231,1522314866042555093,,205539,1522314866036173105,0,169,62,367,116,139,334,123,347,206066,1522314866028938055,base,-8208.0,6134.0,-5558.0,11512.0,0.0,0.0,0.0,0.0,0.0,0.0,0.0,0.0,0.0,339.0,1558.0,533.0,0.0,0.0,0.0,0.0,0.0,0.0,0.0,0.0,0.0,-239.0,-1867.0,290.0,0.0,0.0,0.0,0.0,0.0,0.0,0.0,0.0,0.0,0,0,,0.0,0.0,0.0,0.0,0.0,0.0,0.0,0.0,0.0,0.0,0.0,0.0,0.0,0.0,0.0,0.0,0.0,0.0,0.0,963894,1522314865970247378,,head_nod,head_pan,left_e0,left_e1,left_s0,left_s1,left_w0,left_w1,left_w2,right_e0,right_e1,right_s0,right_s1,right_w0,right_w1,right_w2,torso_t0,0.0,-0.101242732,-0.951451583686,1.44692737817,0.0256941781971,-0.85212632767,0.517718515911,1.15968947564,-0.123868948622,0.907349636034,1.60032545696,-0.284169940956,-1.03198557505,-0.481669967396,1.12402442232,-0.207854396758,-12.5659871192,0.0,-0.00863937979575,0.0726493301006,-0.0113882733671,-0.351072978973,0.321227848769,0.0172787595915,-0.775187987128,-0.168860605099,-0.00903207887738,-0.00863937979575,-0.00667588438763,-0.00746128255088,0.015707963265,0.0109955742855,0.015707963265,0.0,0.0,0.0,-11.12,-12.188,-0.06,-17.892,0.236,0.124,0.128,10.292,-14.812,0.404,-19.436,0.0,-0.22,-0.224,-20.48,0,0,/base,/head_1,1.35128534671,-0.0698113199383,0.538038029407,0.413733869198,0.551489166051,0.53343757767,0.490028913368,0,0,/base,/neck_1,1.36410132576,-0.0868852780418,0.346405101945,0.413733869198,0.551489166051,0.53343757767,0.490028913368,0,0,/base,/torso_1,1.37229137364,-0.106925457872,0.162922335534,0.415582210742,0.561425717485,0.522554600999,0.488906206583,0,0,/base,/left_shoulder_1,1.34244474074,0.0330540032066,0.332341080098,-0.115535328618,0.722762108774,0.566777137747,0.378193334273,0,0,/base,/left_elbow_1,1.19211598972,0.0902973311427,0.184109964467,-0.472931352159,0.785284648524,0.333047545992,-0.220778823819,0,0,/base,/left_hand_1,1.08496077673,-0.119177902804,0.191579808538,-0.507826260114,0.52037540413,-0.464935591907,0.505130501646,0,0,/base,/right_shoulder_1,1.38575791077,-0.20682455929,0.360469123793,0.462236679464,-0.318587338169,0.643258324719,0.52063239219,0,0,/base,/right_elbow_1,1.39347795035,-0.301631769638,0.126427835515,0.588459988462,-0.387811683933,0.538435922127,0.461956380569,0,0,/base,/right_hand_1,1.36433724485,-0.311650936606,-0.115724316001,-0.507826260114,0.52037540413,-0.464935591907,0.505130501646,0,0,/base,/left_hip_1,1.36539854993,-0.0434335212327,-0.0303553639624,0.520375396316,0.507826272936,0.505130518139,0.46493556873,0,0,/base,/left_knee_1,1.34366180003,-0.0242541079852,-0.398799517524,0.52028395985,0.507933991763,0.505286008388,0.464751235459,0,0,/base,/left_foot_1,1.32273944775,-0.00576831893319,-0.753069158431,-0.507826260114,0.52037540413,-0.464935591907,0.505130501646,0,0,/base,/right_hip_1,1.3955642931,-0.210497754173,-0.0107654977914,0.28748406528,0.716554842311,0.619786900564,0.140592560473,0,0,/base,/right_knee_1,1.30770652651,-0.235050694318,-0.368912918441,-0.177144709522,0.637818488711,0.709811626626,-0.240779529972,0,0,/base,/right_foot_1,1.26653936793,-0.210023689368,-0.721000066689,-0.507826260114,0.52037540413,-0.464935591907,0.505130501646,0,0,/base,left_hand,0.70964269294,0.37997245782,0.296027143994,0.0216824248216,0.997604905301,-0.0431299059844,0.0495392428605,0,0,/base,right_hand,0.622510391625,-0.524964192749,0.316921043638,-0.0737804352738,0.995868400971,-0.0244448230912,0.0469577037627
1522314866061181844,19069,1522314866040354967,,205539,1522314866036173105,0,169,62,367,116,139,334,123,347,206066,1522314866028938055,base,-8208.0,6134.0,-5558.0,11512.0,0.0,0.0,0.0,0.0,0.0,0.0,0.0,0.0,0.0,339.0,1558.0,533.0,0.0,0.0,0.0,0.0,0.0,0.0,0.0,0.0,0.0,-239.0,-1867.0,290.0,0.0,0.0,0.0,0.0,0.0,0.0,0.0,0.0,0.0,0,0,,0.0,0.0,0.0,0.0,0.0,0.0,0.0,0.0,0.0,0.0,0.0,0.0,0.0,0.0,0.0,0.0,0.0,0.0,0.0,963894,1522314865970247378,,head_nod,head_pan,left_e0,left_e1,left_s0,left_s1,left_w0,left_w1,left_w2,right_e0,right_e1,right_s0,right_s1,right_w0,right_w1,right_w2,torso_t0,0.0,-0.101242732,-0.951451583686,1.44692737817,0.0256941781971,-0.85212632767,0.517718515911,1.15968947564,-0.123868948622,0.907349636034,1.60032545696,-0.284169940956,-1.03198557505,-0.481669967396,1.12402442232,-0.207854396758,-12.5659871192,0.0,-0.00863937979575,0.0726493301006,-0.0113882733671,-0.351072978973,0.321227848769,0.0172787595915,-0.775187987128,-0.168860605099,-0.00903207887738,-0.00863937979575,-0.00667588438763,-0.00746128255088,0.015707963265,0.0109955742855,0.015707963265,0.0,0.0,0.0,-11.12,-12.188,-0.06,-17.892,0.236,0.124,0.128,10.292,-14.812,0.404,-19.436,0.0,-0.22,-0.224,-20.48,0,0,/base,/head_1,1.35128534671,-0.0698113199383,0.538038029407,0.413733869198,0.551489166051,0.53343757767,0.490028913368,0,0,/base,/neck_1,1.36410132576,-0.0868852780418,0.346405101945,0.413733869198,0.551489166051,0.53343757767,0.490028913368,0,0,/base,/torso_1,1.37229137364,-0.106925457872,0.162922335534,0.415582210742,0.561425717485,0.522554600999,0.488906206583,0,0,/base,/left_shoulder_1,1.34244474074,0.0330540032066,0.332341080098,-0.115535328618,0.722762108774,0.566777137747,0.378193334273,0,0,/base,/left_elbow_1,1.19211598972,0.0902973311427,0.184109964467,-0.472931352159,0.785284648524,0.333047545992,-0.220778823819,0,0,/base,/left_hand_1,1.08496077673,-0.119177902804,0.191579808538,-0.507826260114,0.52037540413,-0.464935591907,0.505130501646,0,0,/base,/right_shoulder_1,1.38575791077,-0.20682455929,0.360469123793,0.462236679464,-0.318587338169,0.643258324719,0.52063239219,0,0,/base,/right_elbow_1,1.39347795035,-0.301631769638,0.126427835515,0.588459988462,-0.387811683933,0.538435922127,0.461956380569,0,0,/base,/right_hand_1,1.36433724485,-0.311650936606,-0.115724316001,-0.507826260114,0.52037540413,-0.464935591907,0.505130501646,0,0,/base,/left_hip_1,1.36539854993,-0.0434335212327,-0.0303553639624,0.520375396316,0.507826272936,0.505130518139,0.46493556873,0,0,/base,/left_knee_1,1.34366180003,-0.0242541079852,-0.398799517524,0.52028395985,0.507933991763,0.505286008388,0.464751235459,0,0,/base,/left_foot_1,1.32273944775,-0.00576831893319,-0.753069158431,-0.507826260114,0.52037540413,-0.464935591907,0.505130501646,0,0,/base,/right_hip_1,1.3955642931,-0.210497754173,-0.0107654977914,0.28748406528,0.716554842311,0.619786900564,0.140592560473,0,0,/base,/right_knee_1,1.30770652651,-0.235050694318,-0.368912918441,-0.177144709522,0.637818488711,0.709811626626,-0.240779529972,0,0,/base,/right_foot_1,1.26653936793,-0.210023689368,-0.721000066689,-0.507826260114,0.52037540413,-0.464935591907,0.505130501646,0,0,/base,left_hand,0.70964269294,0.37997245782,0.296027143994,0.0216824248216,0.997604905301,-0.0431299059844,0.0495392428605,0,0,/base,right_hand,0.622510391625,-0.524964192749,0.316921043638,-0.0737804352738,0.995868400971,-0.0244448230912,0.0469577037627
1522314866061184668,19070,1522314866053993940,,205540,1522314866051119089,0,156,63,374,124,145,351,131,350,206067,1522314866044918060,base,-8035.0,6366.0,-5658.0,11460.0,0.0,0.0,0.0,0.0,0.0,0.0,0.0,0.0,0.0,306.0,1631.0,525.0,0.0,0.0,0.0,0.0,0.0,0.0,0.0,0.0,0.0,-355.0,-1832.0,392.0,0.0,0.0,0.0,0.0,0.0,0.0,0.0,0.0,0.0,0,0,,0.0,0.0,0.0,0.0,0.0,0.0,0.0,0.0,0.0,0.0,0.0,0.0,0.0,0.0,0.0,0.0,0.0,0.0,0.0,963896,1522314865990287204,,head_nod,head_pan,left_e0,left_e1,left_s0,left_s1,left_w0,left_w1,left_w2,right_e0,right_e1,right_s0,right_s1,right_w0,right_w1,right_w2,torso_t0,0.0,-0.101242732,-0.949534107701,1.44692737817,0.0187912646516,-0.846757394913,0.517335020714,1.14511665816,-0.125786424607,0.907349636034,1.60070895216,-0.285320426547,-1.03045159426,-0.482053462593,1.12402442232,-0.207470901562,-12.5659871192,0.0,0.0109955742855,0.0914988860186,-0.0102101761223,-0.381310808258,0.34557519183,-0.0141371669385,-0.736310778047,-0.146476757446,-0.00589048622438,0.0161006623466,0.0113882733671,0.0302378292851,-0.012566370612,-0.00392699081625,-0.0274889357138,0.0,0.0,0.0,-11.312,-12.092,0.184,-18.152,0.252,0.116,0.12,10.292,-14.784,0.28,-19.436,-0.024,-0.228,-0.224,-20.48,0,0,/base,/head_1,1.34475451112,-0.0648508424414,0.538065691309,0.407874023589,0.55083742215,0.53549755794,0.493415930712,0,0,/base,/neck_1,1.35998821877,-0.0829087238455,0.346954186525,0.407874023589,0.55083742215,0.53549755794,0.493415930712,0,0,/base,/torso_1,1.3707027771,-0.10394997078,0.163724359062,0.409469941494,0.560570231269,0.524780005644,0.492647265804,0,0,/base,/left_shoulder_1,1.33799495379,0.0368528237218,0.331917927265,-0.111680481683,0.725333031166,0.563896399333,0.378735151167,0,0,/base,/left_elbow_1,1.18389845048,0.0962195174311,0.180688409934,-0.458970168504,0.79323907805,0.346118590186,-0.200798583174,0,0,/base,/left_hand_1,1.06663703625,-0.107941244548,0.180887680209,-0.507826260114,0.52037540413,-0.464935591907,0.505130501646,0,0,/base,/right_shoulder_1,1.38198148236,-0.202670234842,0.361990440119,0.455701339669,-0.316298712256,0.648993270698,0.520671823933,0,0,/base,/right_elbow_1,1.39270874201,-0.300549375889,0.129416414071,0.587147974877,-0.388394365196,0.540469324243,0.460760222061,0,0,/base,/right_hand_1,1.36485977491,-0.310792954628,-0.11287961584,-0.507826260114,0.52037540413,-0.464935591907,0.505130501646,0,0,/base,/left_hip_1,1.36611632869,-0.0416712650862,-0.0299664132053,0.520375397879,0.507826270371,0.505130514841,0.464935573365,0,0,/base,/left_knee_1,1.3443795779,-0.0224918510468,-0.398410581979,0.520293106109,0.507923220384,0.505270459488,0.464769672739,0,0,/base,/left_foot_1,1.32345941315,-0.00401046439048,-0.752680581108,-0.507826260114,0.52037540413,-0.464935591907,0.505130501646,0,0,/base,/right_hip_1,1.39671834347,-0.208311186366,-0.00904450920313,0.340919057003,0.686195855301,0.60718077111,0.210335341619,0,0,/base,/right_knee_1,1.31819998584,-0.219476805361,-0.370017642327,-0.102399787348,0.658859766072,0.725915382268,-0.168715589053,0,0,/base,/right_foot_1,1.27910519569,-0.192867671219,-0.722224958537,-0.507826260114,0.52037540413,-0.464935591907,0.505130501646,0,0,/base,left_hand,0.715211972354,0.373032225386,0.291583865142,0.0223106714605,0.996981991877,-0.0481278744905,0.056682003393,0,0,/base,right_hand,0.622454865027,-0.524113646314,0.3165369305,-0.0744470828941,0.995842800908,-0.0239413022323,0.0467071919034
1522314866101247390,19232,1522314866062458992,,205540,1522314866051119089,0,156,63,374,124,145,351,131,350,206067,1522314866044918060,base,-8035.0,6366.0,-5658.0,11460.0,0.0,0.0,0.0,0.0,0.0,0.0,0.0,0.0,0.0,306.0,1631.0,525.0,0.0,0.0,0.0,0.0,0.0,0.0,0.0,0.0,0.0,-355.0,-1832.0,392.0,0.0,0.0,0.0,0.0,0.0,0.0,0.0,0.0,0.0,0,0,,0.0,0.0,0.0,0.0,0.0,0.0,0.0,0.0,0.0,0.0,0.0,0.0,0.0,0.0,0.0,0.0,0.0,0.0,0.0,963896,1522314865990287204,,head_nod,head_pan,left_e0,left_e1,left_s0,left_s1,left_w0,left_w1,left_w2,right_e0,right_e1,right_s0,right_s1,right_w0,right_w1,right_w2,torso_t0,0.0,-0.101242732,-0.949534107701,1.44692737817,0.0187912646516,-0.846757394913,0.517335020714,1.14511665816,-0.125786424607,0.907349636034,1.60070895216,-0.285320426547,-1.03045159426,-0.482053462593,1.12402442232,-0.207470901562,-12.5659871192,0.0,0.0109955742855,0.0914988860186,-0.0102101761223,-0.381310808258,0.34557519183,-0.0141371669385,-0.736310778047,-0.146476757446,-0.00589048622438,0.0161006623466,0.0113882733671,0.0302378292851,-0.012566370612,-0.00392699081625,-0.0274889357138,0.0,0.0,0.0,-11.312,-12.092,0.184,-18.152,0.252,0.116,0.12,10.292,-14.784,0.28,-19.436,-0.024,-0.228,-0.224,-20.48,0,0,/base,/head_1,1.34475451112,-0.0648508424414,0.538065691309,0.407874023589,0.55083742215,0.53549755794,0.493415930712,0,0,/base,/neck_1,1.35998821877,-0.0829087238455,0.346954186525,0.407874023589,0.55083742215,0.53549755794,0.493415930712,0,0,/base,/torso_1,1.3707027771,-0.10394997078,0.163724359062,0.409469941494,0.560570231269,0.524780005644,0.492647265804,0,0,/base,/left_shoulder_1,1.33799495379,0.0368528237218,0.331917927265,-0.111680481683,0.725333031166,0.563896399333,0.378735151167,0,0,/base,/left_elbow_1,1.18389845048,0.0962195174311,0.180688409934,-0.458970168504,0.79323907805,0.346118590186,-0.200798583174,0,0,/base,/left_hand_1,1.06663703625,-0.107941244548,0.180887680209,-0.507826260114,0.52037540413,-0.464935591907,0.505130501646,0,0,/base,/right_shoulder_1,1.38198148236,-0.202670234842,0.361990440119,0.455701339669,-0.316298712256,0.648993270698,0.520671823933,0,0,/base,/right_elbow_1,1.39270874201,-0.300549375889,0.129416414071,0.587147974877,-0.388394365196,0.540469324243,0.460760222061,0,0,/base,/right_hand_1,1.36485977491,-0.310792954628,-0.11287961584,-0.507826260114,0.52037540413,-0.464935591907,0.505130501646,0,0,/base,/left_hip_1,1.36611632869,-0.0416712650862,-0.0299664132053,0.520375397879,0.507826270371,0.505130514841,0.464935573365,0,0,/base,/left_knee_1,1.3443795779,-0.0224918510468,-0.398410581979,0.520293106109,0.507923220384,0.505270459488,0.464769672739,0,0,/base,/left_foot_1,1.32345941315,-0.00401046439048,-0.752680581108,-0.507826260114,0.52037540413,-0.464935591907,0.505130501646,0,0,/base,/right_hip_1,1.39671834347,-0.208311186366,-0.00904450920313,0.340919057003,0.686195855301,0.60718077111,0.210335341619,0,0,/base,/right_knee_1,1.31819998584,-0.219476805361,-0.370017642327,-0.102399787348,0.658859766072,0.725915382268,-0.168715589053,0,0,/base,/right_foot_1,1.27910519569,-0.192867671219,-0.722224958537,-0.507826260114,0.52037540413,-0.464935591907,0.505130501646,0,0,/base,left_hand,0.715211972354,0.373032225386,0.291583865142,0.0223106714605,0.996981991877,-0.0481278744905,0.056682003393,0,0,/base,right_hand,0.622454865027,-0.524113646314,0.3165369305,-0.0744470828941,0.995842800908,-0.0239413022323,0.0467071919034
1522314866101263453,19233,1522314866084799051,,205541,1522314866077946901,0,155,62,363,123,167,357,151,369,206068,1522314866066545963,base,-7860.0,6611.0,-5756.0,11393.0,0.0,0.0,0.0,0.0,0.0,0.0,0.0,0.0,0.0,243.0,1715.0,544.0,0.0,0.0,0.0,0.0,0.0,0.0,0.0,0.0,0.0,-378.0,-1850.0,420.0,0.0,0.0,0.0,0.0,0.0,0.0,0.0,0.0,0.0,0,0,,0.0,0.0,0.0,0.0,0.0,0.0,0.0,0.0,0.0,0.0,0.0,0.0,0.0,0.0,0.0,0.0,0.0,0.0,0.0,963898,1522314866010291761,,head_nod,head_pan,left_e0,left_e1,left_s0,left_s1,left_w0,left_w1,left_w2,right_e0,right_e1,right_s0,right_s1,right_w0,right_w1,right_w2,torso_t0,0.0,-0.101626227197,-0.946466146125,1.44654388298,0.0107378655152,-0.838703995776,0.51656803032,1.12862636469,-0.127703900591,0.906966140837,1.60109244736,-0.284553436153,-1.03121858466,-0.48243695779,1.12364092713,-0.208237891955,-12.5659871192,0.0,-0.00667588438763,0.126056405202,0.0078539816325,-0.401731160502,0.355392668871,-0.025132741224,-0.809745506311,-0.10642145112,0.0117809724488,-0.009424777959,-0.0106028752039,-0.0153152641834,0.0153152641834,-0.00510508806113,0.00549778714275,0.0,0.0,0.0,-11.344,-12.188,0.184,-18.284,-0.016,-0.268,0.064,10.356,-14.812,0.28,-19.436,-0.056,-0.168,-0.224,-20.48,0,0,/base,/head_1,1.33826442133,-0.0591587771733,0.536160504177,0.403371150572,0.550079346298,0.5377648452,0.495493086661,0,0,/base,/neck_1,1.35536286921,-0.0776114624167,0.346030152161,0.403371150572,0.550079346298,0.5377648452,0.495493086661,0,0,/base,/torso_1,1.36813444869,-0.0994299939128,0.163020723127,0.404319018782,0.55999202057,0.526766672407,0.49543106563,0,0,/base,/left_shoulder_1,1.33301546946,0.0419867373807,0.330214781374,-0.109004041732,0.728944152699,0.562472536572,0.374677443587,0,0,/base,/left_elbow_1,1.17510447744,0.101606301996,0.178345395636,-0.441764703773,0.800853726837,0.364830365881,-0.174287288244,0,0,/base,/left_hand_1,1.04614537946,-0.0944975210233,0.168201044739,-0.507826260114,0.52037540413,-0.464935591907,0.505130501646,0,0,/base,/right_shoulder_1,1.37771026856,-0.197209663722,0.361845515241,0.448230860003,-0.313681408968,0.655874058291,0.520117572737,0,0,/base,/right_elbow_1,1.39196506165,-0.29727379517,0.133736251296,0.585128804165,-0.38591243703,0.54462108841,0.460525508025,0,0,/base,/right_hand_1,1.36537801919,-0.309480431261,-0.108603589433,-0.507826260114,0.52037540413,-0.464935591907,0.505130501646,0,0,/base,/left_hip_1,1.36509122239,-0.0366109250578,-0.0311809656288,0.520375399129,0.50782626832,0.505130512202,0.464935577073,0,0,/base,/left_knee_1,1.3433544723,-0.0174315041944,-0.399625118782,0.520301337398,0.5079135258,0.505256465137,0.464786265987,0,0,/base,/left_foot_1,1.3224362399,0.00104591466866,-0.753895438457,-0.507826260114,0.52037540413,-0.464935591907,0.505130501646,0,0,/base,/right_hip_1,1.39672083425,-0.205886103704,-0.00879642974814,0.273969033997,0.69140200312,0.651903827273,0.148073084927,0,0,/base,/right_knee_1,1.32805731338,-0.20585828882,-0.37194475817,-0.170538864179,0.655387488337,0.706147257522,-0.206736031281,0,0,/base,/right_foot_1,1.30373805934,-0.186151378864,-0.725931572742,-0.507826260114,0.52037540413,-0.464935591907,0.505130501646,0,0,/base,left_hand,0.720524266216,0.365834551692,0.28652900146,0.0243491244532,0.996274168536,-0.0534784414501,0.0631265201575,0,0,/base,right_hand,0.62249833588,-0.523934710545,0.316490670095,-0.0747626079053,0.995812494705,-0.0240365239048,0.0468003564917
1522314866101270853,19071,1522314866080302000,,205541,1522314866077946901,0,155,62,363,123,167,357,151,369,206068,1522314866066545963,base,-7860.0,6611.0,-5756.0,11393.0,0.0,0.0,0.0,0.0,0.0,0.0,0.0,0.0,0.0,243.0,1715.0,544.0,0.0,0.0,0.0,0.0,0.0,0.0,0.0,0.0,0.0,-378.0,-1850.0,420.0,0.0,0.0,0.0,0.0,0.0,0.0,0.0,0.0,0.0,0,0,,0.0,0.0,0.0,0.0,0.0,0.0,0.0,0.0,0.0,0.0,0.0,0.0,0.0,0.0,0.0,0.0,0.0,0.0,0.0,963896,1522314865990287204,,head_nod,head_pan,left_e0,left_e1,left_s0,left_s1,left_w0,left_w1,left_w2,right_e0,right_e1,right_s0,right_s1,right_w0,right_w1,right_w2,torso_t0,0.0,-0.101242732,-0.949534107701,1.44692737817,0.0187912646516,-0.846757394913,0.517335020714,1.14511665816,-0.125786424607,0.907349636034,1.60070895216,-0.285320426547,-1.03045159426,-0.482053462593,1.12402442232,-0.207470901562,-12.5659871192,0.0,0.0109955742855,0.0914988860186,-0.0102101761223,-0.381310808258,0.34557519183,-0.0141371669385,-0.736310778047,-0.146476757446,-0.00589048622438,0.0161006623466,0.0113882733671,0.0302378292851,-0.012566370612,-0.00392699081625,-0.0274889357138,0.0,0.0,0.0,-11.312,-12.092,0.184,-18.152,0.252,0.116,0.12,10.292,-14.784,0.28,-19.436,-0.024,-0.228,-0.224,-20.48,0,0,/base,/head_1,1.33826442133,-0.0591587771733,0.536160504177,0.403371150572,0.550079346298,0.5377648452,0.495493086661,0,0,/base,/neck_1,1.35536286921,-0.0776114624167,0.346030152161,0.403371150572,0.550079346298,0.5377648452,0.495493086661,0,0,/base,/torso_1,1.36813444869,-0.0994299939128,0.163020723127,0.404319018782,0.55999202057,0.526766672407,0.49543106563,0,0,/base,/left_shoulder_1,1.33301546946,0.0419867373807,0.330214781374,-0.109004041732,0.728944152699,0.562472536572,0.374677443587,0,0,/base,/left_elbow_1,1.17510447744,0.101606301996,0.178345395636,-0.441764703773,0.800853726837,0.364830365881,-0.174287288244,0,0,/base,/left_hand_1,1.04614537946,-0.0944975210233,0.168201044739,-0.507826260114,0.52037540413,-0.464935591907,0.505130501646,0,0,/base,/right_shoulder_1,1.38198148236,-0.202670234842,0.361990440119,0.455701339669,-0.316298712256,0.648993270698,0.520671823933,0,0,/base,/right_elbow_1,1.39270874201,-0.300549375889,0.129416414071,0.587147974877,-0.388394365196,0.540469324243,0.460760222061,0,0,/base,/right_hand_1,1.36485977491,-0.310792954628,-0.11287961584,-0.507826260114,0.52037540413,-0.464935591907,0.505130501646,0,0,/base,/left_hip_1,1.36611632869,-0.0416712650862,-0.0299664132053,0.520375397879,0.507826270371,0.505130514841,0.464935573365,0,0,/base,/left_knee_1,1.3443795779,-0.0224918510468,-0.398410581979,0.520293106109,0.507923220384,0.505270459488,0.464769672739,0,0,/base,/left_foot_1,1.32345941315,-0.00401046439048,-0.752680581108,-0.507826260114,0.52037540413,-0.464935591907,0.505130501646,0,0,/base,/right_hip_1,1.39671834347,-0.208311186366,-0.00904450920313,0.340919057003,0.686195855301,0.60718077111,0.210335341619,0,0,/base,/right_knee_1,1.31819998584,-0.219476805361,-0.370017642327,-0.102399787348,0.658859766072,0.725915382268,-0.168715589053,0,0,/base,/right_foot_1,1.27910519569,-0.192867671219,-0.722224958537,-0.507826260114,0.52037540413,-0.464935591907,0.505130501646,0,0,/base,left_hand,0.720524266216,0.365834551692,0.28652900146,0.0243491244532,0.996274168536,-0.0534784414501,0.0631265201575,0,0,/base,right_hand,0.62249833588,-0.523934710545,0.316490670095,-0.0747626079053,0.995812494705,-0.0240365239048,0.0468003564917
1522314866101290678,19072,1522314866096437931,,205542,1522314866096256017,0,136,77,383,104,164,325,144,299,206069,1522314866089888095,base,-7692.0,6875.0,-5833.0,11312.0,0.0,0.0,0.0,0.0,0.0,0.0,0.0,0.0,0.0,80.0,1749.0,635.0,0.0,0.0,0.0,0.0,0.0,0.0,0.0,0.0,0.0,-482.0,-1923.0,495.0,0.0,0.0,0.0,0.0,0.0,0.0,0.0,0.0,0.0,0,0,,0.0,0.0,0.0,0.0,0.0,0.0,0.0,0.0,0.0,0.0,0.0,0.0,0.0,0.0,0.0,0.0,0.0,0.0,0.0,963900,1522314866030266662,,head_nod,head_pan,left_e0,left_e1,left_s0,left_s1,left_w0,left_w1,left_w2,right_e0,right_e1,right_s0,right_s1,right_w0,right_w1,right_w2,torso_t0,0.0,-0.101242732,-0.943781679747,1.44769436857,0.00306796157577,-0.831034091837,0.513883563942,1.10983510004,-0.128087395788,0.90658264564,1.60070895216,-0.284169940956,-1.03160207985,-0.481669967396,1.12364092713,-0.208621387152,-12.5659871192,0.0,0.00981747704063,0.165326313364,0.0172787595915,-0.424900406318,0.405658151319,-0.109563043773,-0.940906999574,-0.0192422549996,0.00589048622438,-0.00667588438763,-0.00274889357138,0.0109955742855,-0.00667588438763,-0.00510508806113,-0.000392699081625,0.0,0.0,0.0,-11.76,-12.344,-0.124,-18.284,-0.076,-0.048,0.0,10.292,-14.812,0.308,-19.408,-0.032,-0.18,-0.212,-20.48,0,0,/base,/head_1,1.33826442133,-0.0591587771733,0.536160504177,0.403371150572,0.550079346298,0.5377648452,0.495493086661,0,0,/base,/neck_1,1.35536286921,-0.0776114624167,0.346030152161,0.403371150572,0.550079346298,0.5377648452,0.495493086661,0,0,/base,/torso_1,1.36813444869,-0.0994299939128,0.163020723127,0.404319018782,0.55999202057,0.526766672407,0.49543106563,0,0,/base,/left_shoulder_1,1.33301546946,0.0419867373807,0.330214781374,-0.109004041732,0.728944152699,0.562472536572,0.374677443587,0,0,/base,/left_elbow_1,1.17510447744,0.101606301996,0.178345395636,-0.441764703773,0.800853726837,0.364830365881,-0.174287288244,0,0,/base,/left_hand_1,1.04614537946,-0.0944975210233,0.168201044739,-0.507826260114,0.52037540413,-0.464935591907,0.505130501646,0,0,/base,/right_shoulder_1,1.37771026856,-0.197209663722,0.361845515241,0.448230860003,-0.313681408968,0.655874058291,0.520117572737,0,0,/base,/right_elbow_1,1.39196506165,-0.29727379517,0.133736251296,0.585128804165,-0.38591243703,0.54462108841,0.460525508025,0,0,/base,/right_hand_1,1.36537801919,-0.309480431261,-0.108603589433,-0.507826260114,0.52037540413,-0.464935591907,0.505130501646,0,0,/base,/left_hip_1,1.36509122239,-0.0366109250578,-0.0311809656288,0.520375399129,0.50782626832,0.505130512202,0.464935577073,0,0,/base,/left_knee_1,1.3433544723,-0.0174315041944,-0.399625118782,0.520301337398,0.5079135258,0.505256465137,0.464786265987,0,0,/base,/left_foot_1,1.3224362399,0.00104591466866,-0.753895438457,-0.507826260114,0.52037540413,-0.464935591907,0.505130501646,0,0,/base,/right_hip_1,1.39672083425,-0.205886103704,-0.00879642974814,0.273969033997,0.69140200312,0.651903827273,0.148073084927,0,0,/base,/right_knee_1,1.32805731338,-0.20585828882,-0.37194475817,-0.170538864179,0.655387488337,0.706147257522,-0.206736031281,0,0,/base,/right_foot_1,1.30373805934,-0.186151378864,-0.725931572742,-0.507826260114,0.52037540413,-0.464935591907,0.505130501646,0,0,/base,left_hand,0.720524266216,0.365834551692,0.28652900146,0.0243491244532,0.996274168536,-0.0534784414501,0.0631265201575,0,0,/base,right_hand,0.62249833588,-0.523934710545,0.316490670095,-0.0747626079053,0.995812494705,-0.0240365239048,0.0468003564917
1522314866141167384,19234,1522314866103111028,,205542,1522314866096256017,0,136,77,383,104,164,325,144,299,206069,1522314866089888095,base,-7692.0,6875.0,-5833.0,11312.0,0.0,0.0,0.0,0.0,0.0,0.0,0.0,0.0,0.0,80.0,1749.0,635.0,0.0,0.0,0.0,0.0,0.0,0.0,0.0,0.0,0.0,-482.0,-1923.0,495.0,0.0,0.0,0.0,0.0,0.0,0.0,0.0,0.0,0.0,0,0,,0.0,0.0,0.0,0.0,0.0,0.0,0.0,0.0,0.0,0.0,0.0,0.0,0.0,0.0,0.0,0.0,0.0,0.0,0.0,963899,1522314866020265829,,head_nod,head_pan,left_e0,left_e1,left_s0,left_s1,left_w0,left_w1,left_w2,right_e0,right_e1,right_s0,right_s1,right_w0,right_w1,right_w2,torso_t0,0.0,-0.101626227197,-0.944932165337,1.44616038778,0.00651941834851,-0.83448554861,0.516184535123,1.11980597516,-0.127703900591,0.90658264564,1.60070895216,-0.284553436153,-1.03160207985,-0.482053462593,1.12364092713,-0.208621387152,-12.5659871192,0.0,0.0102101761223,0.14490596112,0.0,-0.412334035706,0.417046424686,-0.0486946861215,-0.905564082227,-0.0695077374476,0.00903207887738,-0.0133517687753,-0.00274889357138,-0.0106028752039,0.0106028752039,-0.0113882733671,-0.00392699081625,0.0,0.0,0.0,-11.536,-12.28,0.092,-18.284,-0.096,-0.192,0.008,10.228,-14.812,0.436,-19.468,-0.04,-0.168,-0.232,-20.48,0,0,/base,/head_1,1.33826442133,-0.0591587771733,0.536160504177,0.403371150572,0.550079346298,0.5377648452,0.495493086661,0,0,/base,/neck_1,1.35536286921,-0.0776114624167,0.346030152161,0.403371150572,0.550079346298,0.5377648452,0.495493086661,0,0,/base,/torso_1,1.36813444869,-0.0994299939128,0.163020723127,0.404319018782,0.55999202057,0.526766672407,0.49543106563,0,0,/base,/left_shoulder_1,1.33301546946,0.0419867373807,0.330214781374,-0.109004041732,0.728944152699,0.562472536572,0.374677443587,0,0,/base,/left_elbow_1,1.17510447744,0.101606301996,0.178345395636,-0.441764703773,0.800853726837,0.364830365881,-0.174287288244,0,0,/base,/left_hand_1,1.04614537946,-0.0944975210233,0.168201044739,-0.507826260114,0.52037540413,-0.464935591907,0.505130501646,0,0,/base,/right_shoulder_1,1.37771026856,-0.197209663722,0.361845515241,0.448230860003,-0.313681408968,0.655874058291,0.520117572737,0,0,/base,/right_elbow_1,1.39196506165,-0.29727379517,0.133736251296,0.585128804165,-0.38591243703,0.54462108841,0.460525508025,0,0,/base,/right_hand_1,1.36537801919,-0.309480431261,-0.108603589433,-0.507826260114,0.52037540413,-0.464935591907,0.505130501646,0,0,/base,/left_hip_1,1.36509122239,-0.0366109250578,-0.0311809656288,0.520375399129,0.50782626832,0.505130512202,0.464935577073,0,0,/base,/left_knee_1,1.3433544723,-0.0174315041944,-0.399625118782,0.520301337398,0.5079135258,0.505256465137,0.464786265987,0,0,/base,/left_foot_1,1.3224362399,0.00104591466866,-0.753895438457,-0.507826260114,0.52037540413,-0.464935591907,0.505130501646,0,0,/base,/right_hip_1,1.39672083425,-0.205886103704,-0.00879642974814,0.273969033997,0.69140200312,0.651903827273,0.148073084927,0,0,/base,/right_knee_1,1.32805731338,-0.20585828882,-0.37194475817,-0.170538864179,0.655387488337,0.706147257522,-0.206736031281,0,0,/base,/right_foot_1,1.30373805934,-0.186151378864,-0.725931572742,-0.507826260114,0.52037540413,-0.464935591907,0.505130501646,0,0,/base,left_hand,0.726134910979,0.356985622759,0.280442393464,0.026497396164,0.99530712627,-0.0609938640734,0.0702948144449,0,0,/base,right_hand,0.622473513397,-0.524055723663,0.316700064656,-0.074760611766,0.995814414242,-0.0239582973176,0.0468028130095
1522314866141177994,19235,1522314866122364044,,205543,1522314866111242055,0,128,77,332,93,161,306,137,299,206070,1522314866103919982,base,-7486.0,7130.0,-5921.0,11246.0,0.0,0.0,0.0,0.0,0.0,0.0,0.0,0.0,0.0,306.0,1785.0,675.0,0.0,0.0,0.0,0.0,0.0,0.0,0.0,0.0,0.0,-593.0,-1971.0,538.0,0.0,0.0,0.0,0.0,0.0,0.0,0.0,0.0,0.0,0,0,,0.0,0.0,0.0,0.0,0.0,0.0,0.0,0.0,0.0,0.0,0.0,0.0,0.0,0.0,0.0,0.0,0.0,0.0,0.0,963902,1522314866050291188,,head_nod,head_pan,left_e0,left_e1,left_s0,left_s1,left_w0,left_w1,left_w2,right_e0,right_e1,right_s0,right_s1,right_w0,right_w1,right_w2,torso_t0,0.0,-0.101242732,-0.938796242186,1.44692737817,-0.00613592315154,-0.823364187897,0.512349583154,1.09181082578,-0.128470890985,0.906966140837,1.60070895216,-0.284553436153,-1.03160207985,-0.481286472199,1.12364092713,-0.208621387152,-12.5659871192,0.0,0.00274889357138,0.227372768261,0.00235619448975,-0.443357263155,0.424115008155,-0.127234502447,-0.941692397737,-0.021991148571,0.00589048622438,0.0145298660201,0.00746128255088,-0.00274889357138,-0.00274889357138,0.006283185306,0.00196349540813,0.0,0.0,0.0,-11.988,-12.248,0.0,-18.448,0.104,-0.028,0.028,10.388,-14.784,0.184,-19.496,-0.016,-0.188,-0.232,-20.48,0,0,/base,/head_1,1.33249355565,-0.0535902237716,0.535077211402,0.396098661815,0.554035152207,0.539940865321,0.494585444776,0,0,/base,/neck_1,1.35072509946,-0.0733453624705,0.3454598063,0.396098661815,0.554035152207,0.539940865321,0.494585444776,0,0,/base,/torso_1,1.36546165838,-0.0958784775114,0.162684677552,0.396484916943,0.562135200048,0.530870021993,0.494955298238,0,0,/base,/left_shoulder_1,1.32672475162,0.0458120871768,0.328837471405,-0.105128830041,0.731950449232,0.557160249056,0.377847754836,0,0,/base,/left_elbow_1,1.16597355958,0.107837702107,0.173212609051,-0.422797958649,0.810631015174,0.377784958654,-0.146279760784,0,0,/base,/left_hand_1,1.02549924485,-0.0786196422416,0.153935236539,-0.507826260114,0.52037540413,-0.464935591907,0.505130501646,0,0,/base,/right_shoulder_1,1.37472544651,-0.192502815134,0.36208212578,0.448918673014,-0.311204754516,0.659836343723,0.515984132787,0,0,/base,/right_elbow_1,1.39080344755,-0.29264459824,0.134228738013,0.581419991261,-0.379491689552,0.551621755673,0.462223203649,0,0,/base,/right_hand_1,1.36556780851,-0.309400993056,-0.107944873124,-0.507826260114,0.52037540413,-0.464935591907,0.505130501646,0,0,/base,/left_hip_1,1.3632740123,-0.0343863745434,-0.0318118614366,0.520375400129,0.507826266678,0.505130510091,0.46493558004,0,0,/base,/left_knee_1,1.3415372633,-0.0152069620878,-0.400255999786,0.520308745272,0.507904800402,0.505243869951,0.464801199655,0,0,/base,/left_foot_1,1.32062070907,0.00326688550502,-0.75452660437,-0.507826260114,0.52037540413,-0.464935591907,0.505130501646,0,0,/base,/right_hip_1,1.39712242321,-0.202436811353,-0.008369025746,0.265926974054,0.690798246783,0.656292857512,0.146151674263,0,0,/base,/right_knee_1,1.33223584517,-0.20137428091,-0.372209611538,-0.172812327193,0.65629546142,0.704963325273,-0.206006982673,0,0,/base,/right_foot_1,1.3096262596,-0.182299995729,-0.726344363864,-0.507826260114,0.52037540413,-0.464935591907,0.505130501646,0,0,/base,left_hand,0.726134910979,0.356985622759,0.280442393464,0.026497396164,0.99530712627,-0.0609938640734,0.0702948144449,0,0,/base,right_hand,0.622473513397,-0.524055723663,0.316700064656,-0.074760611766,0.995814414242,-0.0239582973176,0.0468028130095
1522314866141189748,19073,1522314866114901065,,205543,1522314866111242055,0,128,77,332,93,161,306,137,299,206070,1522314866103919982,base,-7486.0,7130.0,-5921.0,11246.0,0.0,0.0,0.0,0.0,0.0,0.0,0.0,0.0,0.0,306.0,1785.0,675.0,0.0,0.0,0.0,0.0,0.0,0.0,0.0,0.0,0.0,-593.0,-1971.0,538.0,0.0,0.0,0.0,0.0,0.0,0.0,0.0,0.0,0.0,0,0,,0.0,0.0,0.0,0.0,0.0,0.0,0.0,0.0,0.0,0.0,0.0,0.0,0.0,0.0,0.0,0.0,0.0,0.0,0.0,963901,1522314866040299515,,head_nod,head_pan,left_e0,left_e1,left_s0,left_s1,left_w0,left_w1,left_w2,right_e0,right_e1,right_s0,right_s1,right_w0,right_w1,right_w2,torso_t0,0.0,-0.101626227197,-0.941480708565,1.44731087337,-0.00191747598486,-0.82681564467,0.512349583154,1.1013982057,-0.128854386182,0.90658264564,1.60070895216,-0.284553436153,-1.03160207985,-0.481669967396,1.12402442232,-0.209004882349,-12.5659871192,0.0,-0.0109955742855,0.197527638057,0.012566370612,-0.429612795298,0.392699081625,-0.155901535405,-0.964468944471,-0.0180641577548,-0.0153152641834,-0.00078539816325,0.0215984494894,0.00431968989788,-0.0204203522445,0.000392699081625,0.00078539816325,0.0,0.0,0.0,-11.888,-12.44,-0.028,-18.412,0.052,0.016,0.008,10.356,-14.844,0.248,-19.436,-0.024,-0.168,-0.212,-20.48,0,0,/base,/head_1,1.33249355565,-0.0535902237716,0.535077211402,0.396098661815,0.554035152207,0.539940865321,0.494585444776,0,0,/base,/neck_1,1.35072509946,-0.0733453624705,0.3454598063,0.396098661815,0.554035152207,0.539940865321,0.494585444776,0,0,/base,/torso_1,1.36546165838,-0.0958784775114,0.162684677552,0.396484916943,0.562135200048,0.530870021993,0.494955298238,0,0,/base,/left_shoulder_1,1.32672475162,0.0458120871768,0.328837471405,-0.105128830041,0.731950449232,0.557160249056,0.377847754836,0,0,/base,/left_elbow_1,1.16597355958,0.107837702107,0.173212609051,-0.422797958649,0.810631015174,0.377784958654,-0.146279760784,0,0,/base,/left_hand_1,1.02549924485,-0.0786196422416,0.153935236539,-0.507826260114,0.52037540413,-0.464935591907,0.505130501646,0,0,/base,/right_shoulder_1,1.37472544651,-0.192502815134,0.36208212578,0.448918673014,-0.311204754516,0.659836343723,0.515984132787,0,0,/base,/right_elbow_1,1.39080344755,-0.29264459824,0.134228738013,0.581419991261,-0.379491689552,0.551621755673,0.462223203649,0,0,/base,/right_hand_1,1.36556780851,-0.309400993056,-0.107944873124,-0.507826260114,0.52037540413,-0.464935591907,0.505130501646,0,0,/base,/left_hip_1,1.3632740123,-0.0343863745434,-0.0318118614366,0.520375400129,0.507826266678,0.505130510091,0.46493558004,0,0,/base,/left_knee_1,1.3415372633,-0.0152069620878,-0.400255999786,0.520308745272,0.507904800402,0.505243869951,0.464801199655,0,0,/base,/left_foot_1,1.32062070907,0.00326688550502,-0.75452660437,-0.507826260114,0.52037540413,-0.464935591907,0.505130501646,0,0,/base,/right_hip_1,1.39712242321,-0.202436811353,-0.008369025746,0.265926974054,0.690798246783,0.656292857512,0.146151674263,0,0,/base,/right_knee_1,1.33223584517,-0.20137428091,-0.372209611538,-0.172812327193,0.65629546142,0.704963325273,-0.206006982673,0,0,/base,/right_foot_1,1.3096262596,-0.182299995729,-0.726344363864,-0.507826260114,0.52037540413,-0.464935591907,0.505130501646,0,0,/base,left_hand,0.726134910979,0.356985622759,0.280442393464,0.026497396164,0.99530712627,-0.0609938640734,0.0702948144449,0,0,/base,right_hand,0.622473513397,-0.524055723663,0.316700064656,-0.074760611766,0.995814414242,-0.0239582973176,0.0468028130095
1522314866141192785,19074,1522314866139548063,,205544,1522314866133809089,0,153,76,345,85,149,346,144,367,206071,1522314866126259088,base,-7249.0,7377.0,-6017.0,11192.0,0.0,0.0,0.0,0.0,0.0,0.0,0.0,0.0,0.0,480.0,1812.0,727.0,0.0,0.0,0.0,0.0,0.0,0.0,0.0,0.0,0.0,-622.0,-1891.0,593.0,0.0,0.0,0.0,0.0,0.0,0.0,0.0,0.0,0.0,0,0,,0.0,0.0,0.0,0.0,0.0,0.0,0.0,0.0,0.0,0.0,0.0,0.0,0.0,0.0,0.0,0.0,0.0,0.0,0.0,963904,1522314866070497960,,head_nod,head_pan,left_e0,left_e1,left_s0,left_s1,left_w0,left_w1,left_w2,right_e0,right_e1,right_s0,right_s1,right_w0,right_w1,right_w2,torso_t0,0.0,-0.101242732,-0.933810804625,1.44692737817,-0.0153398078789,-0.814543798367,0.510048611972,1.07378655152,-0.128470890985,0.906966140837,1.60070895216,-0.284169940956,-1.03045159426,-0.481669967396,1.12364092713,-0.208237891955,-12.5659871192,0.0,-0.00667588438763,0.238368342546,-0.0180641577548,-0.482627171317,0.423329609992,-0.065973445713,-0.945226689472,-0.00667588438763,0.009424777959,-0.0106028752039,0.00117809724488,0.0102101761223,-0.0015707963265,-0.009424777959,0.00903207887738,0.0,0.0,0.0,-11.536,-12.06,-0.028,-18.608,0.104,-0.096,0.056,10.356,-14.784,0.184,-19.436,0.008,-0.24,-0.212,-20.48,0,0,/base,/head_1,1.33249355565,-0.0535902237716,0.535077211402,0.396098661815,0.554035152207,0.539940865321,0.494585444776,0,0,/base,/neck_1,1.35072509946,-0.0733453624705,0.3454598063,0.396098661815,0.554035152207,0.539940865321,0.494585444776,0,0,/base,/torso_1,1.36546165838,-0.0958784775114,0.162684677552,0.396484916943,0.562135200048,0.530870021993,0.494955298238,0,0,/base,/left_shoulder_1,1.32672475162,0.0458120871768,0.328837471405,-0.105128830041,0.731950449232,0.557160249056,0.377847754836,0,0,/base,/left_elbow_1,1.16597355958,0.107837702107,0.173212609051,-0.422797958649,0.810631015174,0.377784958654,-0.146279760784,0,0,/base,/left_hand_1,1.02549924485,-0.0786196422416,0.153935236539,-0.507826260114,0.52037540413,-0.464935591907,0.505130501646,0,0,/base,/right_shoulder_1,1.37472544651,-0.192502815134,0.36208212578,0.448918673014,-0.311204754516,0.659836343723,0.515984132787,0,0,/base,/right_elbow_1,1.39080344755,-0.29264459824,0.134228738013,0.581419991261,-0.379491689552,0.551621755673,0.462223203649,0,0,/base,/right_hand_1,1.36556780851,-0.309400993056,-0.107944873124,-0.507826260114,0.52037540413,-0.464935591907,0.505130501646,0,0,/base,/left_hip_1,1.3632740123,-0.0343863745434,-0.0318118614366,0.520375400129,0.507826266678,0.505130510091,0.46493558004,0,0,/base,/left_knee_1,1.3415372633,-0.0152069620878,-0.400255999786,0.520308745272,0.507904800402,0.505243869951,0.464801199655,0,0,/base,/left_foot_1,1.32062070907,0.00326688550502,-0.75452660437,-0.507826260114,0.52037540413,-0.464935591907,0.505130501646,0,0,/base,/right_hip_1,1.39712242321,-0.202436811353,-0.008369025746,0.265926974054,0.690798246783,0.656292857512,0.146151674263,0,0,/base,/right_knee_1,1.33223584517,-0.20137428091,-0.372209611538,-0.172812327193,0.65629546142,0.704963325273,-0.206006982673,0,0,/base,/right_foot_1,1.3096262596,-0.182299995729,-0.726344363864,-0.507826260114,0.52037540413,-0.464935591907,0.505130501646,0,0,/base,left_hand,0.730065255371,0.351529530738,0.276086075495,0.0283587812311,0.994611188738,-0.0653738813558,0.0753035085569,0,0,/base,right_hand,0.622622442836,-0.523938793431,0.316616768385,-0.0748003124358,0.995803565165,-0.0239273811393,0.0469856711787
1522314866181151103,19236,1522314866142529964,,205544,1522314866133809089,0,153,76,345,85,149,346,144,367,206071,1522314866126259088,base,-7249.0,7377.0,-6017.0,11192.0,0.0,0.0,0.0,0.0,0.0,0.0,0.0,0.0,0.0,480.0,1812.0,727.0,0.0,0.0,0.0,0.0,0.0,0.0,0.0,0.0,0.0,-622.0,-1891.0,593.0,0.0,0.0,0.0,0.0,0.0,0.0,0.0,0.0,0.0,0,0,,0.0,0.0,0.0,0.0,0.0,0.0,0.0,0.0,0.0,0.0,0.0,0.0,0.0,0.0,0.0,0.0,0.0,0.0,0.0,963904,1522314866070497960,,head_nod,head_pan,left_e0,left_e1,left_s0,left_s1,left_w0,left_w1,left_w2,right_e0,right_e1,right_s0,right_s1,right_w0,right_w1,right_w2,torso_t0,0.0,-0.101242732,-0.933810804625,1.44692737817,-0.0153398078789,-0.814543798367,0.510048611972,1.07378655152,-0.128470890985,0.906966140837,1.60070895216,-0.284169940956,-1.03045159426,-0.481669967396,1.12364092713,-0.208237891955,-12.5659871192,0.0,-0.00667588438763,0.238368342546,-0.0180641577548,-0.482627171317,0.423329609992,-0.065973445713,-0.945226689472,-0.00667588438763,0.009424777959,-0.0106028752039,0.00117809724488,0.0102101761223,-0.0015707963265,-0.009424777959,0.00903207887738,0.0,0.0,0.0,-11.536,-12.06,-0.028,-18.608,0.104,-0.096,0.056,10.356,-14.784,0.184,-19.436,0.008,-0.24,-0.212,-20.48,0,0,/base,/head_1,1.33249355565,-0.0535902237716,0.535077211402,0.396098661815,0.554035152207,0.539940865321,0.494585444776,0,0,/base,/neck_1,1.35072509946,-0.0733453624705,0.3454598063,0.396098661815,0.554035152207,0.539940865321,0.494585444776,0,0,/base,/torso_1,1.36546165838,-0.0958784775114,0.162684677552,0.396484916943,0.562135200048,0.530870021993,0.494955298238,0,0,/base,/left_shoulder_1,1.32672475162,0.0458120871768,0.328837471405,-0.105128830041,0.731950449232,0.557160249056,0.377847754836,0,0,/base,/left_elbow_1,1.16597355958,0.107837702107,0.173212609051,-0.422797958649,0.810631015174,0.377784958654,-0.146279760784,0,0,/base,/left_hand_1,1.02549924485,-0.0786196422416,0.153935236539,-0.507826260114,0.52037540413,-0.464935591907,0.505130501646,0,0,/base,/right_shoulder_1,1.37472544651,-0.192502815134,0.36208212578,0.448918673014,-0.311204754516,0.659836343723,0.515984132787,0,0,/base,/right_elbow_1,1.39080344755,-0.29264459824,0.134228738013,0.581419991261,-0.379491689552,0.551621755673,0.462223203649,0,0,/base,/right_hand_1,1.36556780851,-0.309400993056,-0.107944873124,-0.507826260114,0.52037540413,-0.464935591907,0.505130501646,0,0,/base,/left_hip_1,1.3632740123,-0.0343863745434,-0.0318118614366,0.520375400129,0.507826266678,0.505130510091,0.46493558004,0,0,/base,/left_knee_1,1.3415372633,-0.0152069620878,-0.400255999786,0.520308745272,0.507904800402,0.505243869951,0.464801199655,0,0,/base,/left_foot_1,1.32062070907,0.00326688550502,-0.75452660437,-0.507826260114,0.52037540413,-0.464935591907,0.505130501646,0,0,/base,/right_hip_1,1.39712242321,-0.202436811353,-0.008369025746,0.265926974054,0.690798246783,0.656292857512,0.146151674263,0,0,/base,/right_knee_1,1.33223584517,-0.20137428091,-0.372209611538,-0.172812327193,0.65629546142,0.704963325273,-0.206006982673,0,0,/base,/right_foot_1,1.3096262596,-0.182299995729,-0.726344363864,-0.507826260114,0.52037540413,-0.464935591907,0.505130501646,0,0,/base,left_hand,0.730065255371,0.351529530738,0.276086075495,0.0283587812311,0.994611188738,-0.0653738813558,0.0753035085569,0,0,/base,right_hand,0.622622442836,-0.523938793431,0.316616768385,-0.0748003124358,0.995803565165,-0.0239273811393,0.0469856711787
1522314866181160356,19237,1522314866160965919,,205545,1522314866156202077,0,170,82,427,86,157,338,165,384,206072,1522314866148706912,base,-7004.0,7615.0,-6117.0,11134.0,0.0,0.0,0.0,0.0,0.0,0.0,0.0,0.0,0.0,537.0,1813.0,698.0,0.0,0.0,0.0,0.0,0.0,0.0,0.0,0.0,0.0,-677.0,-1841.0,572.0,0.0,0.0,0.0,0.0,0.0,0.0,0.0,0.0,0.0,0,0,,0.0,0.0,0.0,0.0,0.0,0.0,0.0,0.0,0.0,0.0,0.0,0.0,0.0,0.0,0.0,0.0,0.0,0.0,0.0,963904,1522314866070497960,,head_nod,head_pan,left_e0,left_e1,left_s0,left_s1,left_w0,left_w1,left_w2,right_e0,right_e1,right_s0,right_s1,right_w0,right_w1,right_w2,torso_t0,0.0,-0.101242732,-0.933810804625,1.44692737817,-0.0153398078789,-0.814543798367,0.510048611972,1.07378655152,-0.128470890985,0.906966140837,1.60070895216,-0.284169940956,-1.03045159426,-0.481669967396,1.12364092713,-0.208237891955,-12.5659871192,0.0,-0.00667588438763,0.238368342546,-0.0180641577548,-0.482627171317,0.423329609992,-0.065973445713,-0.945226689472,-0.00667588438763,0.009424777959,-0.0106028752039,0.00117809724488,0.0102101761223,-0.0015707963265,-0.009424777959,0.00903207887738,0.0,0.0,0.0,-11.536,-12.06,-0.028,-18.608,0.104,-0.096,0.056,10.356,-14.784,0.184,-19.436,0.008,-0.24,-0.212,-20.48,0,0,/base,/head_1,1.32626800242,-0.0473369464392,0.534294975859,0.389188228384,0.558477176656,0.542119164753,0.492689128405,0,0,/base,/neck_1,1.34532409599,-0.0682693412969,0.344872399995,0.389188228384,0.558477176656,0.542119164753,0.492689128405,0,0,/base,/torso_1,1.36241994853,-0.0923915836767,0.162515997937,0.386543387308,0.565292033889,0.534138137429,0.495707147713,0,0,/base,/left_shoulder_1,1.31959931618,0.0502989460169,0.326779439613,-0.101498844663,0.733511535222,0.552649217228,0.382410322724,0,0,/base,/left_elbow_1,1.15716039511,0.115039956112,0.167587163683,-0.402876226265,0.819428063013,0.391680859639,-0.113201148625,0,0,/base,/left_hand_1,1.00502738414,-0.0603153265813,0.137130845991,-0.507826260114,0.52037540413,-0.464935591907,0.505130501646,0,0,/base,/right_shoulder_1,1.3710488755,-0.186837617187,0.362965360989,0.446442369411,-0.305901431955,0.666169656099,0.51315837128,0,0,/base,/right_elbow_1,1.38970937903,-0.289378374247,0.1359974682,0.579174022876,-0.375313595194,0.557272648011,0.461675592021,0,0,/base,/right_hand_1,1.36599236764,-0.308858545065,-0.106132979799,-0.507826260114,0.52037540413,-0.464935591907,0.505130501646,0,0,/base,/left_hip_1,1.36145148617,-0.0332538086167,-0.0325454803733,0.52037540093,0.507826265365,0.505130508402,0.464935582413,0,0,/base,/left_knee_1,1.33971473627,-0.0140743953692,-0.400989633935,0.520315412129,0.507896947321,0.505232534062,0.464814639752,0,0,/base,/left_foot_1,1.31879985066,0.00439624651491,-0.755260503834,-0.507826260114,0.52037540413,-0.464935591907,0.505130501646,0,0,/base,/right_hip_1,1.3975801152,-0.199773813033,-0.00713532623523,0.263820938706,0.693920222729,0.655516535928,0.138460492246,0,0,/base,/right_knee_1,1.32934955088,-0.200288690255,-0.370364921469,-0.174681345183,0.656533637153,0.704186620052,-0.206327930904,0,0,/base,/right_foot_1,1.30759445501,-0.181530675063,-0.724570038547,-0.507826260114,0.52037540413,-0.464935591907,0.505130501646,0,0,/base,left_hand,0.734108434638,0.347489275815,0.271345327192,0.0289148725523,0.993970637542,-0.0688114254243,0.0803199201985,0,0,/base,right_hand,0.622648969042,-0.52382156119,0.316542855714,-0.0745669092918,0.995827318893,-0.0237831404074,0.0469264234457
1522314866181164953,19075,1522314866156754016,,205545,1522314866156202077,0,170,82,427,86,157,338,165,384,206072,1522314866148706912,base,-7004.0,7615.0,-6117.0,11134.0,0.0,0.0,0.0,0.0,0.0,0.0,0.0,0.0,0.0,537.0,1813.0,698.0,0.0,0.0,0.0,0.0,0.0,0.0,0.0,0.0,0.0,-677.0,-1841.0,572.0,0.0,0.0,0.0,0.0,0.0,0.0,0.0,0.0,0.0,0,0,,0.0,0.0,0.0,0.0,0.0,0.0,0.0,0.0,0.0,0.0,0.0,0.0,0.0,0.0,0.0,0.0,0.0,0.0,0.0,963906,1522314866090501635,,head_nod,head_pan,left_e0,left_e1,left_s0,left_s1,left_w0,left_w1,left_w2,right_e0,right_e1,right_s0,right_s1,right_w0,right_w1,right_w2,torso_t0,0.0,-0.100859236803,-0.928441871868,1.44692737817,-0.0249271878031,-0.806106904034,0.510432107169,1.05346130608,-0.128470890985,0.906966140837,1.60032545696,-0.28493693135,-1.03160207985,-0.482053462593,1.12325743193,-0.207470901562,-12.5659871192,0.0,-0.0117809724488,0.303949089178,-0.012566370612,-0.504225620807,0.470846198868,-0.0483019870399,-1.015127126,0.012566370612,0.0121736715304,-0.000392699081625,-0.018849555918,0.0015707963265,-0.00981747704063,-0.015707963265,-0.00431968989788,0.0,0.0,0.0,-11.824,-11.932,-0.028,-18.576,0.104,-0.076,0.036,10.324,-14.784,0.152,-19.468,-0.016,-0.208,-0.212,-20.48,0,0,/base,/head_1,1.32626800242,-0.0473369464392,0.534294975859,0.389188228384,0.558477176656,0.542119164753,0.492689128405,0,0,/base,/neck_1,1.34532409599,-0.0682693412969,0.344872399995,0.389188228384,0.558477176656,0.542119164753,0.492689128405,0,0,/base,/torso_1,1.36241994853,-0.0923915836767,0.162515997937,0.386543387308,0.565292033889,0.534138137429,0.495707147713,0,0,/base,/left_shoulder_1,1.31959931618,0.0502989460169,0.326779439613,-0.101498844663,0.733511535222,0.552649217228,0.382410322724,0,0,/base,/left_elbow_1,1.15716039511,0.115039956112,0.167587163683,-0.402876226265,0.819428063013,0.391680859639,-0.113201148625,0,0,/base,/left_hand_1,1.00502738414,-0.0603153265813,0.137130845991,-0.507826260114,0.52037540413,-0.464935591907,0.505130501646,0,0,/base,/right_shoulder_1,1.3710488755,-0.186837617187,0.362965360989,0.446442369411,-0.305901431955,0.666169656099,0.51315837128,0,0,/base,/right_elbow_1,1.38970937903,-0.289378374247,0.1359974682,0.579174022876,-0.375313595194,0.557272648011,0.461675592021,0,0,/base,/right_hand_1,1.36599236764,-0.308858545065,-0.106132979799,-0.507826260114,0.52037540413,-0.464935591907,0.505130501646,0,0,/base,/left_hip_1,1.36145148617,-0.0332538086167,-0.0325454803733,0.52037540093,0.507826265365,0.505130508402,0.464935582413,0,0,/base,/left_knee_1,1.33971473627,-0.0140743953692,-0.400989633935,0.520315412129,0.507896947321,0.505232534062,0.464814639752,0,0,/base,/left_foot_1,1.31879985066,0.00439624651491,-0.755260503834,-0.507826260114,0.52037540413,-0.464935591907,0.505130501646,0,0,/base,/right_hip_1,1.3975801152,-0.199773813033,-0.00713532623523,0.263820938706,0.693920222729,0.655516535928,0.138460492246,0,0,/base,/right_knee_1,1.32934955088,-0.200288690255,-0.370364921469,-0.174681345183,0.656533637153,0.704186620052,-0.206327930904,0,0,/base,/right_foot_1,1.30759445501,-0.181530675063,-0.724570038547,-0.507826260114,0.52037540413,-0.464935591907,0.505130501646,0,0,/base,left_hand,0.734108434638,0.347489275815,0.271345327192,0.0289148725523,0.993970637542,-0.0688114254243,0.0803199201985,0,0,/base,right_hand,0.622648969042,-0.52382156119,0.316542855714,-0.0745669092918,0.995827318893,-0.0237831404074,0.0469264234457
1522314866181183606,19076,1522314866180536985,,205546,1522314866171317100,0,194,85,449,88,148,347,162,389,206073,1522314866163949966,base,-6780.0,7851.0,-6206.0,11059.0,0.0,0.0,0.0,0.0,0.0,0.0,0.0,0.0,0.0,390.0,1777.0,642.0,0.0,0.0,0.0,0.0,0.0,0.0,0.0,0.0,0.0,-729.0,-1745.0,548.0,0.0,0.0,0.0,0.0,0.0,0.0,0.0,0.0,0.0,0,0,,0.0,0.0,0.0,0.0,0.0,0.0,0.0,0.0,0.0,0.0,0.0,0.0,0.0,0.0,0.0,0.0,0.0,0.0,0.0,963906,1522314866090501635,,head_nod,head_pan,left_e0,left_e1,left_s0,left_s1,left_w0,left_w1,left_w2,right_e0,right_e1,right_s0,right_s1,right_w0,right_w1,right_w2,torso_t0,0.0,-0.100859236803,-0.928441871868,1.44692737817,-0.0249271878031,-0.806106904034,0.510432107169,1.05346130608,-0.128470890985,0.906966140837,1.60032545696,-0.28493693135,-1.03160207985,-0.482053462593,1.12325743193,-0.207470901562,-12.5659871192,0.0,-0.0117809724488,0.303949089178,-0.012566370612,-0.504225620807,0.470846198868,-0.0483019870399,-1.015127126,0.012566370612,0.0121736715304,-0.000392699081625,-0.018849555918,0.0015707963265,-0.00981747704063,-0.015707963265,-0.00431968989788,0.0,0.0,0.0,-11.824,-11.932,-0.028,-18.576,0.104,-0.076,0.036,10.324,-14.784,0.152,-19.468,-0.016,-0.208,-0.212,-20.48,0,0,/base,/head_1,1.31754999339,-0.0411053655295,0.533487045705,0.378058076608,0.561956281347,0.547081978526,0.491913140033,0,0,/base,/neck_1,1.33935703907,-0.0633399074082,0.343619878274,0.378058076608,0.561956281347,0.547081978526,0.491913140033,0,0,/base,/torso_1,1.35947551606,-0.088925578206,0.1617859959,0.374386280996,0.568607414963,0.53906271292,0.495915226416,0,0,/base,/left_shoulder_1,1.31141728115,0.0544568441971,0.323956720196,-0.0964664022417,0.734062741592,0.549902303278,0.386592267764,0,0,/base,/left_elbow_1,1.14858139248,0.122110424966,0.163225503131,-0.3811207085,0.826055688894,0.407977166022,-0.0770301006318,0,0,/base,/left_hand_1,0.985534921017,-0.0397394457688,0.120288435406,-0.507826260114,0.52037540413,-0.464935591907,0.505130501646,0,0,/base,/right_shoulder_1,1.3672967968,-0.181136651398,0.363283036759,0.444461718307,-0.299350031639,0.673128869128,0.509647785302,0,0,/base,/right_elbow_1,1.38863980962,-0.286075050298,0.137553671455,0.577477381444,-0.367544339643,0.563574969916,0.46240056834,0,0,/base,/right_hand_1,1.3655548837,-0.309674654195,-0.104258725691,-0.507826260114,0.52037540413,-0.464935591907,0.505130501646,0,0,/base,/left_hip_1,1.35996514775,-0.0317539605746,-0.0338621134763,0.52037540157,0.507826264315,0.505130507051,0.464935584312,0,0,/base,/left_knee_1,1.33822839696,-0.0125745465353,-0.40230628225,0.520321412114,0.507889879371,0.505222331587,0.464826735671,0,0,/base,/left_foot_1,1.31731492797,0.00589320238865,-0.756577386317,-0.507826260114,0.52037540413,-0.464935591907,0.505130501646,0,0,/base,/right_hip_1,1.3975801152,-0.199773813033,-0.00713532623523,0.263820938706,0.693920222729,0.655516535928,0.138460492246,0,0,/base,/right_knee_1,1.32934955088,-0.200288690255,-0.370364921469,-0.174681345183,0.656533637153,0.704186620052,-0.206327930904,0,0,/base,/right_foot_1,1.30759445501,-0.181530675063,-0.724570038547,-0.507826260114,0.52037540413,-0.464935591907,0.505130501646,0,0,/base,left_hand,0.740352995209,0.33870406229,0.26470230672,0.0326838646318,0.992776348226,-0.0742037207328,0.0884346946961,0,0,/base,right_hand,0.622979584674,-0.523917750589,0.31680691768,-0.0743369437999,0.995819548683,-0.0237473244744,0.0474711473122
1522314866221175692,19238,1522314866183370113,,205546,1522314866171317100,0,194,85,449,88,148,347,162,389,206073,1522314866163949966,base,-6780.0,7851.0,-6206.0,11059.0,0.0,0.0,0.0,0.0,0.0,0.0,0.0,0.0,0.0,390.0,1777.0,642.0,0.0,0.0,0.0,0.0,0.0,0.0,0.0,0.0,0.0,-729.0,-1745.0,548.0,0.0,0.0,0.0,0.0,0.0,0.0,0.0,0.0,0.0,0,0,,0.0,0.0,0.0,0.0,0.0,0.0,0.0,0.0,0.0,0.0,0.0,0.0,0.0,0.0,0.0,0.0,0.0,0.0,0.0,963909,1522314866120517455,,head_nod,head_pan,left_e0,left_e1,left_s0,left_s1,left_w0,left_w1,left_w2,right_e0,right_e1,right_s0,right_s1,right_w0,right_w1,right_w2,torso_t0,0.0,-0.102009722394,-0.920388472731,1.44616038778,-0.040266995682,-0.792301076943,0.509665116775,1.02431567111,-0.128470890985,0.907349636034,1.60109244736,-0.28493693135,-1.03121858466,-0.481286472199,1.12364092713,-0.207470901562,-12.5659871192,0.0,0.00274889357138,0.274889357138,-0.0325940237749,-0.525824070296,0.475165888766,0.00981747704063,-1.02533730212,-0.00274889357138,-0.00863937979575,-0.00903207887738,0.003141592653,0.0192422549996,0.0180641577548,0.0,-0.0137444678569,0.0,0.0,0.0,-12.212,-11.68,0.092,-18.644,-0.052,-0.116,0.036,10.228,-14.844,0.248,-19.468,-0.064,-0.168,-0.212,-20.48,0,0,/base,/head_1,1.31754999339,-0.0411053655295,0.533487045705,0.378058076608,0.561956281347,0.547081978526,0.491913140033,0,0,/base,/neck_1,1.33935703907,-0.0633399074082,0.343619878274,0.378058076608,0.561956281347,0.547081978526,0.491913140033,0,0,/base,/torso_1,1.35947551606,-0.088925578206,0.1617859959,0.374386280996,0.568607414963,0.53906271292,0.495915226416,0,0,/base,/left_shoulder_1,1.31141728115,0.0544568441971,0.323956720196,-0.0964664022417,0.734062741592,0.549902303278,0.386592267764,0,0,/base,/left_elbow_1,1.14858139248,0.122110424966,0.163225503131,-0.3811207085,0.826055688894,0.407977166022,-0.0770301006318,0,0,/base,/left_hand_1,0.985534921017,-0.0397394457688,0.120288435406,-0.507826260114,0.52037540413,-0.464935591907,0.505130501646,0,0,/base,/right_shoulder_1,1.3672967968,-0.181136651398,0.363283036759,0.444461718307,-0.299350031639,0.673128869128,0.509647785302,0,0,/base,/right_elbow_1,1.38863980962,-0.286075050298,0.137553671455,0.577477381444,-0.367544339643,0.563574969916,0.46240056834,0,0,/base,/right_hand_1,1.3655548837,-0.309674654195,-0.104258725691,-0.507826260114,0.52037540413,-0.464935591907,0.505130501646,0,0,/base,/left_hip_1,1.35996514775,-0.0317539605746,-0.0338621134763,0.52037540157,0.507826264315,0.505130507051,0.464935584312,0,0,/base,/left_knee_1,1.33971473627,-0.0140743953692,-0.400989633935,0.520315412129,0.507896947321,0.505232534062,0.464814639752,0,0,/base,/left_foot_1,1.31879985066,0.00439624651491,-0.755260503834,-0.507826260114,0.52037540413,-0.464935591907,0.505130501646,0,0,/base,/right_hip_1,1.3975801152,-0.199773813033,-0.00713532623523,0.263820938706,0.693920222729,0.655516535928,0.138460492246,0,0,/base,/right_knee_1,1.32934955088,-0.200288690255,-0.370364921469,-0.174681345183,0.656533637153,0.704186620052,-0.206327930904,0,0,/base,/right_foot_1,1.30759445501,-0.181530675063,-0.724570038547,-0.507826260114,0.52037540413,-0.464935591907,0.505130501646,0,0,/base,left_hand,0.740352995209,0.33870406229,0.26470230672,0.0326838646318,0.992776348226,-0.0742037207328,0.0884346946961,0,0,/base,right_hand,0.622979584674,-0.523917750589,0.31680691768,-0.0743369437999,0.995819548683,-0.0237473244744,0.0474711473122
1522314866221187338,19239,1522314866201029062,,205547,1522314866193991899,0,238,74,422,82,138,379,173,397,206074,1522314866186203956,base,-6558.0,8091.0,-6291.0,10971.0,0.0,0.0,0.0,0.0,0.0,0.0,0.0,0.0,0.0,313.0,1823.0,635.0,0.0,0.0,0.0,0.0,0.0,0.0,0.0,0.0,0.0,-774.0,-1822.0,714.0,0.0,0.0,0.0,0.0,0.0,0.0,0.0,0.0,0.0,0,0,,0.0,0.0,0.0,0.0,0.0,0.0,0.0,0.0,0.0,0.0,0.0,0.0,0.0,0.0,0.0,0.0,0.0,0.0,0.0,963909,1522314866120517455,,head_nod,head_pan,left_e0,left_e1,left_s0,left_s1,left_w0,left_w1,left_w2,right_e0,right_e1,right_s0,right_s1,right_w0,right_w1,right_w2,torso_t0,0.0,-0.102009722394,-0.920388472731,1.44616038778,-0.040266995682,-0.792301076943,0.509665116775,1.02431567111,-0.128470890985,0.907349636034,1.60109244736,-0.28493693135,-1.03121858466,-0.481286472199,1.12364092713,-0.207470901562,-12.5659871192,0.0,0.00274889357138,0.274889357138,-0.0325940237749,-0.525824070296,0.475165888766,0.00981747704063,-1.02533730212,-0.00274889357138,-0.00863937979575,-0.00903207887738,0.003141592653,0.0192422549996,0.0180641577548,0.0,-0.0137444678569,0.0,0.0,0.0,-12.212,-11.68,0.092,-18.644,-0.052,-0.116,0.036,10.228,-14.844,0.248,-19.468,-0.064,-0.168,-0.212,-20.48,0,0,/base,/head_1,1.31754999339,-0.0411053655295,0.533487045705,0.378058076608,0.561956281347,0.547081978526,0.491913140033,0,0,/base,/neck_1,1.33935703907,-0.0633399074082,0.343619878274,0.378058076608,0.561956281347,0.547081978526,0.491913140033,0,0,/base,/torso_1,1.35947551606,-0.088925578206,0.1617859959,0.374386280996,0.568607414963,0.53906271292,0.495915226416,0,0,/base,/left_shoulder_1,1.31141728115,0.0544568441971,0.323956720196,-0.0964664022417,0.734062741592,0.549902303278,0.386592267764,0,0,/base,/left_elbow_1,1.14858139248,0.122110424966,0.163225503131,-0.3811207085,0.826055688894,0.407977166022,-0.0770301006318,0,0,/base,/left_hand_1,0.985534921017,-0.0397394457688,0.120288435406,-0.507826260114,0.52037540413,-0.464935591907,0.505130501646,0,0,/base,/right_shoulder_1,1.3672967968,-0.181136651398,0.363283036759,0.444461718307,-0.299350031639,0.673128869128,0.509647785302,0,0,/base,/right_elbow_1,1.38863980962,-0.286075050298,0.137553671455,0.577477381444,-0.367544339643,0.563574969916,0.46240056834,0,0,/base,/right_hand_1,1.3655548837,-0.309674654195,-0.104258725691,-0.507826260114,0.52037540413,-0.464935591907,0.505130501646,0,0,/base,/left_hip_1,1.35996514775,-0.0317539605746,-0.0338621134763,0.52037540157,0.507826264315,0.505130507051,0.464935584312,0,0,/base,/left_knee_1,1.33822839696,-0.0125745465353,-0.40230628225,0.520321412114,0.507889879371,0.505222331587,0.464826735671,0,0,/base,/left_foot_1,1.31731492797,0.00589320238865,-0.756577386317,-0.507826260114,0.52037540413,-0.464935591907,0.505130501646,0,0,/base,/right_hip_1,1.39922283896,-0.197268560281,-0.0062336606955,0.256954571042,0.69769362179,0.655520979307,0.132250535808,0,0,/base,/right_knee_1,1.33078903046,-0.200422275323,-0.369411708997,-0.179855042757,0.65539555451,0.702724720541,-0.210444286839,0,0,/base,/right_foot_1,1.30946116578,-0.181822393969,-0.723651181064,-0.507826260114,0.52037540413,-0.464935591907,0.505130501646,0,0,/base,left_hand,0.74389101965,0.332925658134,0.259060238192,0.0347090916959,0.992061635462,-0.0779431274088,0.0923788898393,0,0,/base,right_hand,0.622689810353,-0.523374734447,0.316556132759,-0.0751565984567,0.99578563373,-0.023638427005,0.046943392864
1522314866221201796,19077,1522314866194160938,,205547,1522314866193991899,0,238,74,422,82,138,379,173,397,206074,1522314866186203956,base,-6558.0,8091.0,-6291.0,10971.0,0.0,0.0,0.0,0.0,0.0,0.0,0.0,0.0,0.0,313.0,1823.0,635.0,0.0,0.0,0.0,0.0,0.0,0.0,0.0,0.0,0.0,-774.0,-1822.0,714.0,0.0,0.0,0.0,0.0,0.0,0.0,0.0,0.0,0.0,0,0,,0.0,0.0,0.0,0.0,0.0,0.0,0.0,0.0,0.0,0.0,0.0,0.0,0.0,0.0,0.0,0.0,0.0,0.0,0.0,963910,1522314866130483948,,head_nod,head_pan,left_e0,left_e1,left_s0,left_s1,left_w0,left_w1,left_w2,right_e0,right_e1,right_s0,right_s1,right_w0,right_w1,right_w2,torso_t0,0.0,-0.101242732,-0.917320511155,1.44616038778,-0.0456359284396,-0.787315639382,0.510048611972,1.01511178638,-0.128087395788,0.907349636034,1.60109244736,-0.284169940956,-1.03121858466,-0.481669967396,1.12364092713,-0.208621387152,-12.5659871192,0.0,0.00431968989788,0.320835149688,-0.0121736715304,-0.53878313999,0.477522083256,0.0231692458159,-1.01473442692,-0.0102101761223,0.00117809724488,0.0145298660201,-0.00431968989788,-0.00392699081625,0.00510508806113,0.0,-0.0106028752039,0.0,0.0,0.0,-12.308,-11.552,-0.028,-18.708,-0.06,-0.192,0.072,10.388,-14.844,0.28,-19.468,-0.032,-0.2,-0.212,-20.48,0,0,/base,/head_1,1.31754999339,-0.0411053655295,0.533487045705,0.378058076608,0.561956281347,0.547081978526,0.491913140033,0,0,/base,/neck_1,1.33935703907,-0.0633399074082,0.343619878274,0.378058076608,0.561956281347,0.547081978526,0.491913140033,0,0,/base,/torso_1,1.35947551606,-0.088925578206,0.1617859959,0.374386280996,0.568607414963,0.53906271292,0.495915226416,0,0,/base,/left_shoulder_1,1.31141728115,0.0544568441971,0.323956720196,-0.0964664022417,0.734062741592,0.549902303278,0.386592267764,0,0,/base,/left_elbow_1,1.14858139248,0.122110424966,0.163225503131,-0.3811207085,0.826055688894,0.407977166022,-0.0770301006318,0,0,/base,/left_hand_1,0.985534921017,-0.0397394457688,0.120288435406,-0.507826260114,0.52037540413,-0.464935591907,0.505130501646,0,0,/base,/right_shoulder_1,1.3672967968,-0.181136651398,0.363283036759,0.444461718307,-0.299350031639,0.673128869128,0.509647785302,0,0,/base,/right_elbow_1,1.38863980962,-0.286075050298,0.137553671455,0.577477381444,-0.367544339643,0.563574969916,0.46240056834,0,0,/base,/right_hand_1,1.3655548837,-0.309674654195,-0.104258725691,-0.507826260114,0.52037540413,-0.464935591907,0.505130501646,0,0,/base,/left_hip_1,1.35996514775,-0.0317539605746,-0.0338621134763,0.52037540157,0.507826264315,0.505130507051,0.464935584312,0,0,/base,/left_knee_1,1.33822839696,-0.0125745465353,-0.40230628225,0.520321412114,0.507889879371,0.505222331587,0.464826735671,0,0,/base,/left_foot_1,1.31731492797,0.00589320238865,-0.756577386317,-0.507826260114,0.52037540413,-0.464935591907,0.505130501646,0,0,/base,/right_hip_1,1.39922283896,-0.197268560281,-0.0062336606955,0.256954571042,0.69769362179,0.655520979307,0.132250535808,0,0,/base,/right_knee_1,1.33078903046,-0.200422275323,-0.369411708997,-0.179855042757,0.65539555451,0.702724720541,-0.210444286839,0,0,/base,/right_foot_1,1.30946116578,-0.181822393969,-0.723651181064,-0.507826260114,0.52037540413,-0.464935591907,0.505130501646,0,0,/base,left_hand,0.74389101965,0.332925658134,0.259060238192,0.0347090916959,0.992061635462,-0.0779431274088,0.0923788898393,0,0,/base,right_hand,0.622689810353,-0.523374734447,0.316556132759,-0.0751565984567,0.99578563373,-0.023638427005,0.046943392864
1522314866221209211,19078,1522314866216221094,,205548,1522314866216095924,0,247,77,417,87,139,399,179,386,206075,1522314866209872961,base,-6319.0,8324.0,-6391.0,10880.0,0.0,0.0,0.0,0.0,0.0,0.0,0.0,0.0,0.0,427.0,1872.0,603.0,0.0,0.0,0.0,0.0,0.0,0.0,0.0,0.0,0.0,-874.0,-1935.0,701.0,0.0,0.0,0.0,0.0,0.0,0.0,0.0,0.0,0.0,0,0,,0.0,0.0,0.0,0.0,0.0,0.0,0.0,0.0,0.0,0.0,0.0,0.0,0.0,0.0,0.0,0.0,0.0,0.0,0.0,963911,1522314866140475703,,head_nod,head_pan,left_e0,left_e1,left_s0,left_s1,left_w0,left_w1,left_w2,right_e0,right_e1,right_s0,right_s1,right_w0,right_w1,right_w2,torso_t0,0.0,-0.101242732,-0.913869054383,1.44577689258,-0.0510048611972,-0.782713697019,0.510432107169,1.00399042567,-0.128854386182,0.90658264564,1.60032545696,-0.284169940956,-1.03160207985,-0.482053462593,1.12440791752,-0.208621387152,-12.5659871192,0.0,0.0,0.3334015203,-0.0172787595915,-0.545459024377,0.479878277746,0.00746128255088,-1.02808619569,0.00078539816325,-0.0180641577548,0.00746128255088,0.0176714586731,-0.00981747704063,-0.00903207887738,0.00863937979575,0.0180641577548,0.0,0.0,0.0,-12.308,-11.424,0.092,-18.708,-0.04,-0.212,0.064,10.292,-14.812,0.248,-19.496,-0.024,-0.208,-0.232,-20.48,0,0,/base,/head_1,1.30849189932,-0.0340716902612,0.532115898825,0.365950386904,0.564636656181,0.551665504606,0.49288024088,0,0,/base,/neck_1,1.3335771954,-0.0578012854121,0.343112193225,0.365950386904,0.564636656181,0.551665504606,0.49288024088,0,0,/base,/torso_1,1.35677591489,-0.0854944857313,0.16196937717,0.361805080261,0.57222133111,0.542347768632,0.497512542535,0,0,/base,/left_shoulder_1,1.30375705083,0.0591641698027,0.32141491563,-0.0930749178463,0.735609039575,0.54537385174,0.390875635468,0,0,/base,/left_elbow_1,1.14108327533,0.128695234844,0.158866552692,-0.357640230462,0.832149686232,0.422124449773,-0.0378327128505,0,0,/base,/left_hand_1,0.967416885804,-0.0182265823015,0.102883668919,-0.507826260114,0.52037540413,-0.464935591907,0.505130501646,0,0,/base,/right_shoulder_1,1.36339734066,-0.174766733803,0.364809486439,0.439774604602,-0.292853435831,0.6814995848,0.506353116103,0,0,/base,/right_elbow_1,1.38870327833,-0.283788566339,0.138996557292,0.579080567287,-0.362503085069,0.565965378428,0.461454656848,0,0,/base,/right_hand_1,1.36513745628,-0.308806251631,-0.102652024442,-0.507826260114,0.52037540413,-0.464935591907,0.505130501646,0,0,/base,/left_hip_1,1.35912721136,-0.0314164789572,-0.0343421453316,0.520375402082,0.507826263475,0.50513050597,0.464935585831,0,0,/base,/left_knee_1,1.33739046416,-0.0122370680853,-0.402786253258,0.520326811954,0.507883518067,0.505213149212,0.464837621865,0,0,/base,/left_foot_1,1.31647828221,0.00622808133833,-0.757057568573,-0.507826260114,0.52037540413,-0.464935591907,0.505130501646,0,0,/base,/right_hip_1,1.4008220569,-0.194958907584,-0.00400474846534,0.251363336243,0.701859898069,0.654342758689,0.126667718169,0,0,/base,/right_knee_1,1.33168220907,-0.201354176884,-0.367006350627,-0.184405629825,0.654218140108,0.701465027289,-0.214336194642,0,0,/base,/right_foot_1,1.31056778984,-0.182833378873,-0.721262776722,-0.507826260114,0.52037540413,-0.464935591907,0.505130501646,0,0,/base,left_hand,0.748264578379,0.327338245444,0.253995385889,0.0363104793463,0.991235454675,-0.08102049743,0.0978238287987,0,0,/base,right_hand,0.622451239646,-0.524334027643,0.316945688326,-0.0741645290006,0.99583822785,-0.0241089306496,0.0471657296449
1522314866261160144,19240,1522314866221155881,,205548,1522314866216095924,0,247,77,417,87,139,399,179,386,206075,1522314866209872961,base,-6319.0,8324.0,-6391.0,10880.0,0.0,0.0,0.0,0.0,0.0,0.0,0.0,0.0,0.0,427.0,1872.0,603.0,0.0,0.0,0.0,0.0,0.0,0.0,0.0,0.0,0.0,-874.0,-1935.0,701.0,0.0,0.0,0.0,0.0,0.0,0.0,0.0,0.0,0.0,0,0,,0.0,0.0,0.0,0.0,0.0,0.0,0.0,0.0,0.0,0.0,0.0,0.0,0.0,0.0,0.0,0.0,0.0,0.0,0.0,963912,1522314866150503493,,head_nod,head_pan,left_e0,left_e1,left_s0,left_s1,left_w0,left_w1,left_w2,right_e0,right_e1,right_s0,right_s1,right_w0,right_w1,right_w2,torso_t0,0.0,-0.101242732,-0.91041759761,1.44500990219,-0.0571407843487,-0.778111754655,0.510815602366,0.994403045747,-0.128854386182,0.906966140837,1.60070895216,-0.285320426547,-1.03198557505,-0.481669967396,1.12364092713,-0.208237891955,-12.5659871192,0.0,-0.00353429173463,0.36481744683,-0.00510508806113,-0.56313048305,0.495978940092,0.00274889357138,-1.05007734427,0.00863937979575,0.0149225651018,-0.00353429173463,0.0047123889795,0.0,-0.0109955742855,0.009424777959,0.00510508806113,0.0,0.0,0.0,-12.308,-11.328,-0.092,-18.676,-0.06,-0.192,0.056,10.324,-14.784,0.308,-19.436,-0.032,-0.2,-0.224,-20.48,0,0,/base,/head_1,1.30849189932,-0.0340716902612,0.532115898825,0.365950386904,0.564636656181,0.551665504606,0.49288024088,0,0,/base,/neck_1,1.3335771954,-0.0578012854121,0.343112193225,0.365950386904,0.564636656181,0.551665504606,0.49288024088,0,0,/base,/torso_1,1.35677591489,-0.0854944857313,0.16196937717,0.361805080261,0.57222133111,0.542347768632,0.497512542535,0,0,/base,/left_shoulder_1,1.30375705083,0.0591641698027,0.32141491563,-0.0930749178463,0.735609039575,0.54537385174,0.390875635468,0,0,/base,/left_elbow_1,1.14108327533,0.128695234844,0.158866552692,-0.357640230462,0.832149686232,0.422124449773,-0.0378327128505,0,0,/base,/left_hand_1,0.967416885804,-0.0182265823015,0.102883668919,-0.507826260114,0.52037540413,-0.464935591907,0.505130501646,0,0,/base,/right_shoulder_1,1.36339734066,-0.174766733803,0.364809486439,0.439774604602,-0.292853435831,0.6814995848,0.506353116103,0,0,/base,/right_elbow_1,1.38870327833,-0.283788566339,0.138996557292,0.579080567287,-0.362503085069,0.565965378428,0.461454656848,0,0,/base,/right_hand_1,1.36513745628,-0.308806251631,-0.102652024442,-0.507826260114,0.52037540413,-0.464935591907,0.505130501646,0,0,/base,/left_hip_1,1.35912721136,-0.0314164789572,-0.0343421453316,0.520375402082,0.507826263475,0.50513050597,0.464935585831,0,0,/base,/left_knee_1,1.33739046416,-0.0122370680853,-0.402786253258,0.520326811954,0.507883518067,0.505213149212,0.464837621865,0,0,/base,/left_foot_1,1.31647828221,0.00622808133833,-0.757057568573,-0.507826260114,0.52037540413,-0.464935591907,0.505130501646,0,0,/base,/right_hip_1,1.4008220569,-0.194958907584,-0.00400474846534,0.251363336243,0.701859898069,0.654342758689,0.126667718169,0,0,/base,/right_knee_1,1.33168220907,-0.201354176884,-0.367006350627,-0.184405629825,0.654218140108,0.701465027289,-0.214336194642,0,0,/base,/right_foot_1,1.31056778984,-0.182833378873,-0.721262776722,-0.507826260114,0.52037540413,-0.464935591907,0.505130501646,0,0,/base,left_hand,0.748264578379,0.327338245444,0.253995385889,0.0363104793463,0.991235454675,-0.08102049743,0.0978238287987,0,0,/base,right_hand,0.622451239646,-0.524334027643,0.316945688326,-0.0741645290006,0.99583822785,-0.0241089306496,0.0471657296449
1522314866261170205,19241,1522314866242752075,,205549,1522314866238670110,0,228,85,468,99,166,423,177,424,206076,1522314866231219053,base,-6059.0,8529.0,-6502.0,10802.0,0.0,0.0,0.0,0.0,0.0,0.0,0.0,0.0,0.0,643.0,1801.0,576.0,0.0,0.0,0.0,0.0,0.0,0.0,0.0,0.0,0.0,-1017.0,-1930.0,603.0,0.0,0.0,0.0,0.0,0.0,0.0,0.0,0.0,0.0,0,0,,0.0,0.0,0.0,0.0,0.0,0.0,0.0,0.0,0.0,0.0,0.0,0.0,0.0,0.0,0.0,0.0,0.0,0.0,0.0,963914,1522314866170493681,,head_nod,head_pan,left_e0,left_e1,left_s0,left_s1,left_w0,left_w1,left_w2,right_e0,right_e1,right_s0,right_s1,right_w0,right_w1,right_w2,torso_t0,0.0,-0.100859236803,-0.903898179261,1.44577689258,-0.06711165947,-0.768524374731,0.510815602366,0.973310809913,-0.128087395788,0.906966140837,1.60070895216,-0.283786445759,-1.03121858466,-0.481669967396,1.12364092713,-0.208621387152,-12.5659871192,0.0,0.00235619448975,0.350680279891,-0.0015707963265,-0.55331300601,0.497942435501,-0.00196349540813,-1.09484503957,0.003141592653,0.0,-0.0109955742855,-0.00903207887738,0.00431968989788,-0.0078539816325,-0.0184568568364,0.0231692458159,0.0,0.0,0.0,-12.372,-11.264,-0.216,-18.676,-0.052,-0.164,0.016,10.324,-14.872,0.248,-19.436,-0.016,-0.228,-0.232,-20.48,0,0,/base,/head_1,1.30849189932,-0.0340716902612,0.532115898825,0.365950386904,0.564636656181,0.551665504606,0.49288024088,0,0,/base,/neck_1,1.3335771954,-0.0578012854121,0.343112193225,0.365950386904,0.564636656181,0.551665504606,0.49288024088,0,0,/base,/torso_1,1.35677591489,-0.0854944857313,0.16196937717,0.361805080261,0.57222133111,0.542347768632,0.497512542535,0,0,/base,/left_shoulder_1,1.30375705083,0.0591641698027,0.32141491563,-0.0930749178463,0.735609039575,0.54537385174,0.390875635468,0,0,/base,/left_elbow_1,1.14108327533,0.128695234844,0.158866552692,-0.357640230462,0.832149686232,0.422124449773,-0.0378327128505,0,0,/base,/left_hand_1,0.967416885804,-0.0182265823015,0.102883668919,-0.507826260114,0.52037540413,-0.464935591907,0.505130501646,0,0,/base,/right_shoulder_1,1.36339734066,-0.174766733803,0.364809486439,0.439774604602,-0.292853435831,0.6814995848,0.506353116103,0,0,/base,/right_elbow_1,1.38870327833,-0.283788566339,0.138996557292,0.579080567287,-0.362503085069,0.565965378428,0.461454656848,0,0,/base,/right_hand_1,1.36513745628,-0.308806251631,-0.102652024442,-0.507826260114,0.52037540413,-0.464935591907,0.505130501646,0,0,/base,/left_hip_1,1.35912721136,-0.0314164789572,-0.0343421453316,0.520375402082,0.507826263475,0.50513050597,0.464935585831,0,0,/base,/left_knee_1,1.33739046416,-0.0122370680853,-0.402786253258,0.520326811954,0.507883518067,0.505213149212,0.464837621865,0,0,/base,/left_foot_1,1.31647828221,0.00622808133833,-0.757057568573,-0.507826260114,0.52037540413,-0.464935591907,0.505130501646,0,0,/base,/right_hip_1,1.4008220569,-0.194958907584,-0.00400474846534,0.251363336243,0.701859898069,0.654342758689,0.126667718169,0,0,/base,/right_knee_1,1.33168220907,-0.201354176884,-0.367006350627,-0.184405629825,0.654218140108,0.701465027289,-0.214336194642,0,0,/base,/right_foot_1,1.31056778984,-0.182833378873,-0.721262776722,-0.507826260114,0.52037540413,-0.464935591907,0.505130501646,0,0,/base,left_hand,0.748264578379,0.327338245444,0.253995385889,0.0363104793463,0.991235454675,-0.08102049743,0.0978238287987,0,0,/base,right_hand,0.622451239646,-0.524334027643,0.316945688326,-0.0741645290006,0.99583822785,-0.0241089306496,0.0471657296449
1522314866261174072,19079,1522314866238775968,,205549,1522314866238670110,0,228,85,468,99,166,423,177,424,206076,1522314866231219053,base,-6059.0,8529.0,-6502.0,10802.0,0.0,0.0,0.0,0.0,0.0,0.0,0.0,0.0,0.0,643.0,1801.0,576.0,0.0,0.0,0.0,0.0,0.0,0.0,0.0,0.0,0.0,-1017.0,-1930.0,603.0,0.0,0.0,0.0,0.0,0.0,0.0,0.0,0.0,0.0,0,0,,0.0,0.0,0.0,0.0,0.0,0.0,0.0,0.0,0.0,0.0,0.0,0.0,0.0,0.0,0.0,0.0,0.0,0.0,0.0,963914,1522314866170493681,,head_nod,head_pan,left_e0,left_e1,left_s0,left_s1,left_w0,left_w1,left_w2,right_e0,right_e1,right_s0,right_s1,right_w0,right_w1,right_w2,torso_t0,0.0,-0.100859236803,-0.903898179261,1.44577689258,-0.06711165947,-0.768524374731,0.510815602366,0.973310809913,-0.128087395788,0.906966140837,1.60070895216,-0.283786445759,-1.03121858466,-0.481669967396,1.12364092713,-0.208621387152,-12.5659871192,0.0,0.00235619448975,0.350680279891,-0.0015707963265,-0.55331300601,0.497942435501,-0.00196349540813,-1.09484503957,0.003141592653,0.0,-0.0109955742855,-0.00903207887738,0.00431968989788,-0.0078539816325,-0.0184568568364,0.0231692458159,0.0,0.0,0.0,-12.372,-11.264,-0.216,-18.676,-0.052,-0.164,0.016,10.324,-14.872,0.248,-19.436,-0.016,-0.228,-0.232,-20.48,0,0,/base,/head_1,1.30849189932,-0.0340716902612,0.532115898825,0.365950386904,0.564636656181,0.551665504606,0.49288024088,0,0,/base,/neck_1,1.3335771954,-0.0578012854121,0.343112193225,0.365950386904,0.564636656181,0.551665504606,0.49288024088,0,0,/base,/torso_1,1.35677591489,-0.0854944857313,0.16196937717,0.361805080261,0.57222133111,0.542347768632,0.497512542535,0,0,/base,/left_shoulder_1,1.30375705083,0.0591641698027,0.32141491563,-0.0930749178463,0.735609039575,0.54537385174,0.390875635468,0,0,/base,/left_elbow_1,1.14108327533,0.128695234844,0.158866552692,-0.357640230462,0.832149686232,0.422124449773,-0.0378327128505,0,0,/base,/left_hand_1,0.967416885804,-0.0182265823015,0.102883668919,-0.507826260114,0.52037540413,-0.464935591907,0.505130501646,0,0,/base,/right_shoulder_1,1.36339734066,-0.174766733803,0.364809486439,0.439774604602,-0.292853435831,0.6814995848,0.506353116103,0,0,/base,/right_elbow_1,1.38870327833,-0.283788566339,0.138996557292,0.579080567287,-0.362503085069,0.565965378428,0.461454656848,0,0,/base,/right_hand_1,1.36513745628,-0.308806251631,-0.102652024442,-0.507826260114,0.52037540413,-0.464935591907,0.505130501646,0,0,/base,/left_hip_1,1.35912721136,-0.0314164789572,-0.0343421453316,0.520375402082,0.507826263475,0.50513050597,0.464935585831,0,0,/base,/left_knee_1,1.33739046416,-0.0122370680853,-0.402786253258,0.520326811954,0.507883518067,0.505213149212,0.464837621865,0,0,/base,/left_foot_1,1.31647828221,0.00622808133833,-0.757057568573,-0.507826260114,0.52037540413,-0.464935591907,0.505130501646,0,0,/base,/right_hip_1,1.4008220569,-0.194958907584,-0.00400474846534,0.251363336243,0.701859898069,0.654342758689,0.126667718169,0,0,/base,/right_knee_1,1.33168220907,-0.201354176884,-0.367006350627,-0.184405629825,0.654218140108,0.701465027289,-0.214336194642,0,0,/base,/right_foot_1,1.31056778984,-0.182833378873,-0.721262776722,-0.507826260114,0.52037540413,-0.464935591907,0.505130501646,0,0,/base,left_hand,0.748264578379,0.327338245444,0.253995385889,0.0363104793463,0.991235454675,-0.08102049743,0.0978238287987,0,0,/base,right_hand,0.622451239646,-0.524334027643,0.316945688326,-0.0741645290006,0.99583822785,-0.0241089306496,0.0471657296449
1522314866261183887,19080,1522314866255827903,,205550,1522314866255517005,0,235,80,413,104,147,427,146,450,206077,1522314866254647016,base,-5777.0,8707.0,-6622.0,10742.0,0.0,0.0,0.0,0.0,0.0,0.0,0.0,0.0,0.0,843.0,1708.0,579.0,0.0,0.0,0.0,0.0,0.0,0.0,0.0,0.0,0.0,-1091.0,-1741.0,596.0,0.0,0.0,0.0,0.0,0.0,0.0,0.0,0.0,0.0,0,0,,0.0,0.0,0.0,0.0,0.0,0.0,0.0,0.0,0.0,0.0,0.0,0.0,0.0,0.0,0.0,0.0,0.0,0.0,0.0,963916,1522314866190494780,,head_nod,head_pan,left_e0,left_e1,left_s0,left_s1,left_w0,left_w1,left_w2,right_e0,right_e1,right_s0,right_s1,right_w0,right_w1,right_w2,torso_t0,0.0,-0.102009722394,-0.895844780125,1.44539339739,-0.0782330201822,-0.758553499609,0.510432107169,0.952602069277,-0.128087395788,0.906966140837,1.60109244736,-0.285320426547,-1.03198557505,-0.48243695779,1.12364092713,-0.207470901562,-12.5659871192,0.0,-0.0102101761223,0.395840674278,-0.0015707963265,-0.592190215091,0.513257699684,0.00353429173463,-1.10152092396,0.0141371669385,0.00549778714275,-0.0153152641834,-0.00510508806113,0.000392699081625,0.00078539816325,0.00549778714275,-0.00706858346925,0.0,0.0,0.0,-12.724,-11.204,-0.124,-18.968,-0.076,-0.212,0.028,10.324,-14.784,0.34,-19.408,-0.032,-0.228,-0.212,-20.48,0,0,/base,/head_1,1.30187306538,-0.0290598763836,0.528825289866,0.356478401367,0.569926443901,0.55456111729,0.490478302365,0,0,/base,/neck_1,1.32824049092,-0.054107371793,0.340795653712,0.356478401367,0.569926443901,0.55456111729,0.490478302365,0,0,/base,/torso_1,1.35367400451,-0.0830774855491,0.160139204523,0.350928369921,0.576336765853,0.546299254766,0.496228108588,0,0,/base,/left_shoulder_1,1.29620638764,0.0619941525089,0.317671340075,-0.0869223878639,0.729800912708,0.554285992217,0.39064327094,0,0,/base,/left_elbow_1,1.13112967759,0.136357857501,0.155786286101,-0.337410949448,0.827773729805,0.448265889821,0.00148170867966,0,0,/base,/left_hand_1,0.949382660489,0.00521453021934,0.0840214227719,-0.507826260114,0.52037540413,-0.464935591907,0.505130501646,0,0,/base,/right_shoulder_1,1.36027459505,-0.170208911723,0.363919974138,0.437071754177,-0.28636234521,0.68984753481,0.501074113942,0,0,/base,/right_elbow_1,1.38899836309,-0.279612475352,0.14313124986,0.579542673841,-0.354083154175,0.570531874279,0.461788684962,0,0,/base,/right_hand_1,1.36502137115,-0.308051293415,-0.0980904392014,-0.507826260114,0.52037540413,-0.464935591907,0.505130501646,0,0,/base,/left_hip_1,1.35664554863,-0.0306383375492,-0.036731802808,0.520375402492,0.507826262803,0.505130505105,0.464935587046,0,0,/base,/left_knee_1,1.33490879963,-0.0114589250935,-0.405175941158,0.520331671687,0.507877792778,0.505204884957,0.464847419331,0,0,/base,/left_foot_1,1.31399777594,0.00700388782612,-0.759447446433,-0.507826260114,0.52037540413,-0.464935591907,0.505130501646,0,0,/base,/right_hip_1,1.40156948628,-0.193456845038,-0.00430270091979,0.239654973806,0.705893650531,0.654743937825,0.12486001582,0,0,/base,/right_knee_1,1.33695191167,-0.203713418976,-0.368048188729,-0.194443883717,0.651180276092,0.698709253906,-0.223520027337,0,0,/base,/right_foot_1,1.31594433937,-0.185232116551,-0.722313035543,-0.507826260114,0.52037540413,-0.464935591907,0.505130501646,0,0,/base,left_hand,0.753506770026,0.318817737751,0.244946111002,0.0390982551671,0.989935048561,-0.0869101856101,0.104625741147,0,0,/base,right_hand,0.622703933284,-0.523484803453,0.316513491285,-0.0739694097473,0.995879136324,-0.0231436848387,0.0470918475837
1522314866301168090,19242,1522314866262469053,,205550,1522314866255517005,0,235,80,413,104,147,427,146,450,206077,1522314866254647016,base,-5777.0,8707.0,-6622.0,10742.0,0.0,0.0,0.0,0.0,0.0,0.0,0.0,0.0,0.0,843.0,1708.0,579.0,0.0,0.0,0.0,0.0,0.0,0.0,0.0,0.0,0.0,-1091.0,-1741.0,596.0,0.0,0.0,0.0,0.0,0.0,0.0,0.0,0.0,0.0,0,0,,0.0,0.0,0.0,0.0,0.0,0.0,0.0,0.0,0.0,0.0,0.0,0.0,0.0,0.0,0.0,0.0,0.0,0.0,0.0,963916,1522314866190494780,,head_nod,head_pan,left_e0,left_e1,left_s0,left_s1,left_w0,left_w1,left_w2,right_e0,right_e1,right_s0,right_s1,right_w0,right_w1,right_w2,torso_t0,0.0,-0.102009722394,-0.895844780125,1.44539339739,-0.0782330201822,-0.758553499609,0.510432107169,0.952602069277,-0.128087395788,0.906966140837,1.60109244736,-0.285320426547,-1.03198557505,-0.48243695779,1.12364092713,-0.207470901562,-12.5659871192,0.0,-0.0102101761223,0.395840674278,-0.0015707963265,-0.592190215091,0.513257699684,0.00353429173463,-1.10152092396,0.0141371669385,0.00549778714275,-0.0153152641834,-0.00510508806113,0.000392699081625,0.00078539816325,0.00549778714275,-0.00706858346925,0.0,0.0,0.0,-12.724,-11.204,-0.124,-18.968,-0.076,-0.212,0.028,10.324,-14.784,0.34,-19.408,-0.032,-0.228,-0.212,-20.48,0,0,/base,/head_1,1.30187306538,-0.0290598763836,0.528825289866,0.356478401367,0.569926443901,0.55456111729,0.490478302365,0,0,/base,/neck_1,1.32824049092,-0.054107371793,0.340795653712,0.356478401367,0.569926443901,0.55456111729,0.490478302365,0,0,/base,/torso_1,1.35367400451,-0.0830774855491,0.160139204523,0.350928369921,0.576336765853,0.546299254766,0.496228108588,0,0,/base,/left_shoulder_1,1.29620638764,0.0619941525089,0.317671340075,-0.0869223878639,0.729800912708,0.554285992217,0.39064327094,0,0,/base,/left_elbow_1,1.13112967759,0.136357857501,0.155786286101,-0.337410949448,0.827773729805,0.448265889821,0.00148170867966,0,0,/base,/left_hand_1,0.949382660489,0.00521453021934,0.0840214227719,-0.507826260114,0.52037540413,-0.464935591907,0.505130501646,0,0,/base,/right_shoulder_1,1.36027459505,-0.170208911723,0.363919974138,0.437071754177,-0.28636234521,0.68984753481,0.501074113942,0,0,/base,/right_elbow_1,1.38899836309,-0.279612475352,0.14313124986,0.579542673841,-0.354083154175,0.570531874279,0.461788684962,0,0,/base,/right_hand_1,1.36502137115,-0.308051293415,-0.0980904392014,-0.507826260114,0.52037540413,-0.464935591907,0.505130501646,0,0,/base,/left_hip_1,1.35664554863,-0.0306383375492,-0.036731802808,0.520375402492,0.507826262803,0.505130505105,0.464935587046,0,0,/base,/left_knee_1,1.33490879963,-0.0114589250935,-0.405175941158,0.520331671687,0.507877792778,0.505204884957,0.464847419331,0,0,/base,/left_foot_1,1.31399777594,0.00700388782612,-0.759447446433,-0.507826260114,0.52037540413,-0.464935591907,0.505130501646,0,0,/base,/right_hip_1,1.40156948628,-0.193456845038,-0.00430270091979,0.239654973806,0.705893650531,0.654743937825,0.12486001582,0,0,/base,/right_knee_1,1.33695191167,-0.203713418976,-0.368048188729,-0.194443883717,0.651180276092,0.698709253906,-0.223520027337,0,0,/base,/right_foot_1,1.31594433937,-0.185232116551,-0.722313035543,-0.507826260114,0.52037540413,-0.464935591907,0.505130501646,0,0,/base,left_hand,0.753506770026,0.318817737751,0.244946111002,0.0390982551671,0.989935048561,-0.0869101856101,0.104625741147,0,0,/base,right_hand,0.622703933284,-0.523484803453,0.316513491285,-0.0739694097473,0.995879136324,-0.0231436848387,0.0470918475837
1522314866301195489,19243,1522314866282497882,,205551,1522314866277570009,0,224,80,383,104,154,537,150,559,206078,1522314866276962041,base,-5486.0,8864.0,-6758.0,10681.0,0.0,0.0,0.0,0.0,0.0,0.0,0.0,0.0,0.0,963.0,1694.0,515.0,0.0,0.0,0.0,0.0,0.0,0.0,0.0,0.0,0.0,-991.0,-1647.0,606.0,0.0,0.0,0.0,0.0,0.0,0.0,0.0,0.0,0.0,0,0,,0.0,0.0,0.0,0.0,0.0,0.0,0.0,0.0,0.0,0.0,0.0,0.0,0.0,0.0,0.0,0.0,0.0,0.0,0.0,963919,1522314866220470834,,head_nod,head_pan,left_e0,left_e1,left_s0,left_s1,left_w0,left_w1,left_w2,right_e0,right_e1,right_s0,right_s1,right_w0,right_w1,right_w2,torso_t0,0.0,-0.101242732,-0.883572933822,1.44539339739,-0.0962572944398,-0.743597186927,0.510815602366,0.921155463125,-0.128470890985,0.907349636034,1.60109244736,-0.284553436153,-1.03083508946,-0.482053462593,1.12402442232,-0.208237891955,-12.5659871192,0.0,-0.00117809724488,0.412726734788,-0.0141371669385,-0.586299728866,0.509723407949,0.012566370612,-1.07874437722,0.00667588438763,0.00235619448975,0.00274889357138,-0.00431968989788,-0.00863937979575,0.009424777959,0.0113882733671,-0.0145298660201,0.0,0.0,0.0,-12.888,-11.012,-0.216,-19.132,-0.14,-0.376,0.044,10.324,-14.812,0.28,-19.468,-0.032,-0.188,-0.212,-20.48,0,0,/base,/head_1,1.292913632,-0.0235998242097,0.527740851838,0.344111427068,0.572470512177,0.559403005564,0.490849382005,0,0,/base,/neck_1,1.32275984535,-0.0500108010252,0.339595288571,0.344111427068,0.572470512177,0.559403005564,0.490849382005,0,0,/base,/torso_1,1.35132155754,-0.0804053720966,0.159649455484,0.338611603601,0.579261746954,0.550524395625,0.496710076649,0,0,/base,/left_shoulder_1,1.28876034717,0.0651707357702,0.314747313905,-0.0854758800916,0.728899697552,0.556973877633,0.388817700813,0,0,/base,/left_elbow_1,1.12046149479,0.141189250229,0.151621752404,-0.314321734498,0.825063815953,0.467683524456,0.0417572482248,0,0,/base,/left_hand_1,0.932023551137,0.0280645028628,0.0660230570437,-0.507826260114,0.52037540413,-0.464935591907,0.505130501646,0,0,/base,/right_shoulder_1,1.35675934323,-0.165192326397,0.364443263849,0.433335608585,-0.281841771913,0.698516079093,0.494834066315,0,0,/base,/right_elbow_1,1.39026321149,-0.276367469953,0.144519313569,0.581454076803,-0.345114791278,0.573527142,0.462464652486,0,0,/base,/right_hand_1,1.36489828912,-0.307885496539,-0.0961741306203,-0.507826260114,0.52037540413,-0.464935591907,0.505130501646,0,0,/base,/left_hip_1,1.35612524292,-0.0303135641208,-0.0376596179124,0.520375402819,0.507826262265,0.505130504413,0.464935588018,0,0,/base,/left_knee_1,1.33438849392,-0.0111341516652,-0.406103756262,0.520336045352,0.507872639917,0.505197447029,0.464856236966,0,0,/base,/left_foot_1,1.3134785007,0.00732654966758,-0.76037543225,-0.507826260114,0.52037540413,-0.464935591907,0.505130501646,0,0,/base,/right_hip_1,1.40364129695,-0.191286337447,-0.00293313810901,0.229999865517,0.710122926407,0.654164801865,0.122040580358,0,0,/base,/right_knee_1,1.34192577835,-0.205455007034,-0.367051016204,-0.200306416499,0.649331543318,0.697031243625,-0.228895897238,0,0,/base,/right_foot_1,1.3209716321,-0.186993484448,-0.721320044587,-0.507826260114,0.52037540413,-0.464935591907,0.505130501646,0,0,/base,left_hand,0.758700222392,0.311297604263,0.236070602972,0.0404477869256,0.988751590058,-0.0914903489794,0.111192561509,0,0,/base,right_hand,0.622706379324,-0.524035082242,0.31665086362,-0.0746840770738,0.995807820554,-0.0237704179074,0.0471597326925
1522314866301206537,19081,1522314866280050992,,205551,1522314866277570009,0,224,80,383,104,154,537,150,559,206078,1522314866276962041,base,-5486.0,8864.0,-6758.0,10681.0,0.0,0.0,0.0,0.0,0.0,0.0,0.0,0.0,0.0,963.0,1694.0,515.0,0.0,0.0,0.0,0.0,0.0,0.0,0.0,0.0,0.0,-991.0,-1647.0,606.0,0.0,0.0,0.0,0.0,0.0,0.0,0.0,0.0,0.0,0,0,,0.0,0.0,0.0,0.0,0.0,0.0,0.0,0.0,0.0,0.0,0.0,0.0,0.0,0.0,0.0,0.0,0.0,0.0,0.0,963916,1522314866190494780,,head_nod,head_pan,left_e0,left_e1,left_s0,left_s1,left_w0,left_w1,left_w2,right_e0,right_e1,right_s0,right_s1,right_w0,right_w1,right_w2,torso_t0,0.0,-0.102009722394,-0.895844780125,1.44539339739,-0.0782330201822,-0.758553499609,0.510432107169,0.952602069277,-0.128087395788,0.906966140837,1.60109244736,-0.285320426547,-1.03198557505,-0.48243695779,1.12364092713,-0.207470901562,-12.5659871192,0.0,-0.0102101761223,0.395840674278,-0.0015707963265,-0.592190215091,0.513257699684,0.00353429173463,-1.10152092396,0.0141371669385,0.00549778714275,-0.0153152641834,-0.00510508806113,0.000392699081625,0.00078539816325,0.00549778714275,-0.00706858346925,0.0,0.0,0.0,-12.724,-11.204,-0.124,-18.968,-0.076,-0.212,0.028,10.324,-14.784,0.34,-19.408,-0.032,-0.228,-0.212,-20.48,0,0,/base,/head_1,1.292913632,-0.0235998242097,0.527740851838,0.344111427068,0.572470512177,0.559403005564,0.490849382005,0,0,/base,/neck_1,1.32275984535,-0.0500108010252,0.339595288571,0.344111427068,0.572470512177,0.559403005564,0.490849382005,0,0,/base,/torso_1,1.35132155754,-0.0804053720966,0.159649455484,0.338611603601,0.579261746954,0.550524395625,0.496710076649,0,0,/base,/left_shoulder_1,1.28876034717,0.0651707357702,0.314747313905,-0.0854758800916,0.728899697552,0.556973877633,0.388817700813,0,0,/base,/left_elbow_1,1.12046149479,0.141189250229,0.151621752404,-0.314321734498,0.825063815953,0.467683524456,0.0417572482248,0,0,/base,/left_hand_1,0.932023551137,0.0280645028628,0.0660230570437,-0.507826260114,0.52037540413,-0.464935591907,0.505130501646,0,0,/base,/right_shoulder_1,1.35675934323,-0.165192326397,0.364443263849,0.433335608585,-0.281841771913,0.698516079093,0.494834066315,0,0,/base,/right_elbow_1,1.39026321149,-0.276367469953,0.144519313569,0.581454076803,-0.345114791278,0.573527142,0.462464652486,0,0,/base,/right_hand_1,1.36489828912,-0.307885496539,-0.0961741306203,-0.507826260114,0.52037540413,-0.464935591907,0.505130501646,0,0,/base,/left_hip_1,1.35612524292,-0.0303135641208,-0.0376596179124,0.520375402819,0.507826262265,0.505130504413,0.464935588018,0,0,/base,/left_knee_1,1.33438849392,-0.0111341516652,-0.406103756262,0.520336045352,0.507872639917,0.505197447029,0.464856236966,0,0,/base,/left_foot_1,1.3134785007,0.00732654966758,-0.76037543225,-0.507826260114,0.52037540413,-0.464935591907,0.505130501646,0,0,/base,/right_hip_1,1.40364129695,-0.191286337447,-0.00293313810901,0.229999865517,0.710122926407,0.654164801865,0.122040580358,0,0,/base,/right_knee_1,1.34192577835,-0.205455007034,-0.367051016204,-0.200306416499,0.649331543318,0.697031243625,-0.228895897238,0,0,/base,/right_foot_1,1.3209716321,-0.186993484448,-0.721320044587,-0.507826260114,0.52037540413,-0.464935591907,0.505130501646,0,0,/base,left_hand,0.758700222392,0.311297604263,0.236070602972,0.0404477869256,0.988751590058,-0.0914903489794,0.111192561509,0,0,/base,right_hand,0.622706379324,-0.524035082242,0.31665086362,-0.0746840770738,0.995807820554,-0.0237704179074,0.0471597326925
1522314866301208845,19082,1522314866298970937,,205552,1522314866298738002,0,203,78,379,104,170,526,207,589,206079,1522314866283917903,base,-5209.0,9019.0,-6908.0,10594.0,0.0,0.0,0.0,0.0,0.0,0.0,0.0,0.0,0.0,915.0,1762.0,365.0,0.0,0.0,0.0,0.0,0.0,0.0,0.0,0.0,0.0,-1060.0,-1784.0,658.0,0.0,0.0,0.0,0.0,0.0,0.0,0.0,0.0,0.0,0,0,,0.0,0.0,0.0,0.0,0.0,0.0,0.0,0.0,0.0,0.0,0.0,0.0,0.0,0.0,0.0,0.0,0.0,0.0,0.0,963920,1522314866230457734,,head_nod,head_pan,left_e0,left_e1,left_s0,left_s1,left_w0,left_w1,left_w2,right_e0,right_e1,right_s0,right_s1,right_w0,right_w1,right_w2,torso_t0,0.0,-0.101242732,-0.879354486655,1.44539339739,-0.100859236803,-0.738995244564,0.510815602366,0.910801092807,-0.128087395788,0.906966140837,1.59994196176,-0.284553436153,-1.03160207985,-0.481669967396,1.12364092713,-0.207854396758,-12.5659871192,0.0,-0.00431968989788,0.428827397135,0.0047123889795,-0.602793090294,0.523075176725,-0.00981747704063,-1.08502756253,-0.00196349540813,-0.0106028752039,-0.00274889357138,0.0235619448975,0.0176714586731,-0.0208130513261,0.00274889357138,0.00196349540813,0.0,0.0,0.0,-12.856,-10.98,-0.124,-19.168,-0.164,-0.388,0.016,10.26,-14.784,0.308,-19.436,-0.032,-0.188,-0.224,-20.48,0,0,/base,/head_1,1.292913632,-0.0235998242097,0.527740851838,0.344111427068,0.572470512177,0.559403005564,0.490849382005,0,0,/base,/neck_1,1.32275984535,-0.0500108010252,0.339595288571,0.344111427068,0.572470512177,0.559403005564,0.490849382005,0,0,/base,/torso_1,1.35132155754,-0.0804053720966,0.159649455484,0.338611603601,0.579261746954,0.550524395625,0.496710076649,0,0,/base,/left_shoulder_1,1.28876034717,0.0651707357702,0.314747313905,-0.0854758800916,0.728899697552,0.556973877633,0.388817700813,0,0,/base,/left_elbow_1,1.12046149479,0.141189250229,0.151621752404,-0.314321734498,0.825063815953,0.467683524456,0.0417572482248,0,0,/base,/left_hand_1,0.932023551137,0.0280645028628,0.0660230570437,-0.507826260114,0.52037540413,-0.464935591907,0.505130501646,0,0,/base,/right_shoulder_1,1.35675934323,-0.165192326397,0.364443263849,0.433335608585,-0.281841771913,0.698516079093,0.494834066315,0,0,/base,/right_elbow_1,1.39026321149,-0.276367469953,0.144519313569,0.581454076803,-0.345114791278,0.573527142,0.462464652486,0,0,/base,/right_hand_1,1.36489828912,-0.307885496539,-0.0961741306203,-0.507826260114,0.52037540413,-0.464935591907,0.505130501646,0,0,/base,/left_hip_1,1.35612524292,-0.0303135641208,-0.0376596179124,0.520375402819,0.507826262265,0.505130504413,0.464935588018,0,0,/base,/left_knee_1,1.33438849392,-0.0111341516652,-0.406103756262,0.520336045352,0.507872639917,0.505197447029,0.464856236966,0,0,/base,/left_foot_1,1.3134785007,0.00732654966758,-0.76037543225,-0.507826260114,0.52037540413,-0.464935591907,0.505130501646,0,0,/base,/right_hip_1,1.40364129695,-0.191286337447,-0.00293313810901,0.229999865517,0.710122926407,0.654164801865,0.122040580358,0,0,/base,/right_knee_1,1.34192577835,-0.205455007034,-0.367051016204,-0.200306416499,0.649331543318,0.697031243625,-0.228895897238,0,0,/base,/right_foot_1,1.3209716321,-0.186993484448,-0.721320044587,-0.507826260114,0.52037540413,-0.464935591907,0.505130501646,0,0,/base,left_hand,0.758700222392,0.311297604263,0.236070602972,0.0404477869256,0.988751590058,-0.0914903489794,0.111192561509,0,0,/base,right_hand,0.622706379324,-0.524035082242,0.31665086362,-0.0746840770738,0.995807820554,-0.0237704179074,0.0471597326925
1522314866341172860,19244,1522314866301251888,,205552,1522314866298738002,0,203,78,379,104,170,526,207,589,206079,1522314866283917903,base,-5209.0,9019.0,-6908.0,10594.0,0.0,0.0,0.0,0.0,0.0,0.0,0.0,0.0,0.0,915.0,1762.0,365.0,0.0,0.0,0.0,0.0,0.0,0.0,0.0,0.0,0.0,-1060.0,-1784.0,658.0,0.0,0.0,0.0,0.0,0.0,0.0,0.0,0.0,0.0,0,0,,0.0,0.0,0.0,0.0,0.0,0.0,0.0,0.0,0.0,0.0,0.0,0.0,0.0,0.0,0.0,0.0,0.0,0.0,0.0,963919,1522314866220470834,,head_nod,head_pan,left_e0,left_e1,left_s0,left_s1,left_w0,left_w1,left_w2,right_e0,right_e1,right_s0,right_s1,right_w0,right_w1,right_w2,torso_t0,0.0,-0.101242732,-0.883572933822,1.44539339739,-0.0962572944398,-0.743597186927,0.510815602366,0.921155463125,-0.128470890985,0.907349636034,1.60109244736,-0.284553436153,-1.03083508946,-0.482053462593,1.12402442232,-0.208237891955,-12.5659871192,0.0,-0.00117809724488,0.412726734788,-0.0141371669385,-0.586299728866,0.509723407949,0.012566370612,-1.07874437722,0.00667588438763,0.00235619448975,0.00274889357138,-0.00431968989788,-0.00863937979575,0.009424777959,0.0113882733671,-0.0145298660201,0.0,0.0,0.0,-12.888,-11.012,-0.216,-19.132,-0.14,-0.376,0.044,10.324,-14.812,0.28,-19.468,-0.032,-0.188,-0.212,-20.48,0,0,/base,/head_1,1.292913632,-0.0235998242097,0.527740851838,0.344111427068,0.572470512177,0.559403005564,0.490849382005,0,0,/base,/neck_1,1.32275984535,-0.0500108010252,0.339595288571,0.344111427068,0.572470512177,0.559403005564,0.490849382005,0,0,/base,/torso_1,1.35132155754,-0.0804053720966,0.159649455484,0.338611603601,0.579261746954,0.550524395625,0.496710076649,0,0,/base,/left_shoulder_1,1.28876034717,0.0651707357702,0.314747313905,-0.0854758800916,0.728899697552,0.556973877633,0.388817700813,0,0,/base,/left_elbow_1,1.12046149479,0.141189250229,0.151621752404,-0.314321734498,0.825063815953,0.467683524456,0.0417572482248,0,0,/base,/left_hand_1,0.932023551137,0.0280645028628,0.0660230570437,-0.507826260114,0.52037540413,-0.464935591907,0.505130501646,0,0,/base,/right_shoulder_1,1.35675934323,-0.165192326397,0.364443263849,0.433335608585,-0.281841771913,0.698516079093,0.494834066315,0,0,/base,/right_elbow_1,1.39026321149,-0.276367469953,0.144519313569,0.581454076803,-0.345114791278,0.573527142,0.462464652486,0,0,/base,/right_hand_1,1.36489828912,-0.307885496539,-0.0961741306203,-0.507826260114,0.52037540413,-0.464935591907,0.505130501646,0,0,/base,/left_hip_1,1.35612524292,-0.0303135641208,-0.0376596179124,0.520375402819,0.507826262265,0.505130504413,0.464935588018,0,0,/base,/left_knee_1,1.33438849392,-0.0111341516652,-0.406103756262,0.520336045352,0.507872639917,0.505197447029,0.464856236966,0,0,/base,/left_foot_1,1.3134785007,0.00732654966758,-0.76037543225,-0.507826260114,0.52037540413,-0.464935591907,0.505130501646,0,0,/base,/right_hip_1,1.40364129695,-0.191286337447,-0.00293313810901,0.229999865517,0.710122926407,0.654164801865,0.122040580358,0,0,/base,/right_knee_1,1.34192577835,-0.205455007034,-0.367051016204,-0.200306416499,0.649331543318,0.697031243625,-0.228895897238,0,0,/base,/right_foot_1,1.3209716321,-0.186993484448,-0.721320044587,-0.507826260114,0.52037540413,-0.464935591907,0.505130501646,0,0,/base,left_hand,0.758700222392,0.311297604263,0.236070602972,0.0404477869256,0.988751590058,-0.0914903489794,0.111192561509,0,0,/base,right_hand,0.622706379324,-0.524035082242,0.31665086362,-0.0746840770738,0.995807820554,-0.0237704179074,0.0471597326925
1522314866341187474,19245,1522314866323885917,,205553,1522314866313972949,0,199,81,411,106,188,528,206,628,206080,1522314866306319952,base,-4918.0,9168.0,-7057.0,10506.0,0.0,0.0,0.0,0.0,0.0,0.0,0.0,0.0,0.0,965.0,1771.0,386.0,0.0,0.0,0.0,0.0,0.0,0.0,0.0,0.0,0.0,-1235.0,-1830.0,691.0,0.0,0.0,0.0,0.0,0.0,0.0,0.0,0.0,0.0,0,0,,0.0,0.0,0.0,0.0,0.0,0.0,0.0,0.0,0.0,0.0,0.0,0.0,0.0,0.0,0.0,0.0,0.0,0.0,0.0,963922,1522314866250494903,,head_nod,head_pan,left_e0,left_e1,left_s0,left_s1,left_w0,left_w1,left_w2,right_e0,right_e1,right_s0,right_s1,right_w0,right_w1,right_w2,torso_t0,0.0,-0.101626227197,-0.870150601928,1.44462640699,-0.1138980735,-0.728640874246,0.510815602366,0.890092352171,-0.126936910198,0.906966140837,1.60032545696,-0.284553436153,-1.03160207985,-0.481286472199,1.12440791752,-0.208237891955,-12.5659871192,0.0,0.00353429173463,0.477129384174,-0.0302378292851,-0.583158136213,0.520326283153,-0.003141592653,-1.09013265059,-0.00196349540813,0.0133517687753,-0.012566370612,-0.0113882733671,0.00863937979575,-0.0117809724488,-0.00078539816325,-0.00431968989788,0.0,0.0,0.0,-12.724,-10.82,-0.184,-19.036,-0.14,-0.32,0.008,10.324,-14.784,0.28,-19.408,-0.008,-0.228,-0.224,-20.48,0,0,/base,/head_1,1.28471850153,-0.0179610866028,0.525345118897,0.331336526645,0.575480988686,0.564684052145,0.490071075483,0,0,/base,/neck_1,1.31779454141,-0.045384815379,0.338050940191,0.331336526645,0.575480988686,0.564684052145,0.490071075483,0,0,/base,/torso_1,1.34914058058,-0.0770422749327,0.158784712275,0.326292350257,0.583008189837,0.554843573015,0.495765430653,0,0,/base,/left_shoulder_1,1.2815576136,0.0687391685699,0.311564974757,-0.0845561930101,0.727587315514,0.559651189657,0.387630615977,0,0,/base,/left_elbow_1,1.10986296165,0.146627806058,0.146503535712,-0.295082050981,0.820989194119,0.482996656784,0.0749503559959,0,0,/base,/left_hand_1,0.916924513424,0.049019887296,0.0498436223386,-0.507826260114,0.52037540413,-0.464935591907,0.505130501646,0,0,/base,/right_shoulder_1,1.35403147032,-0.159508807736,0.364536920429,0.430347595986,-0.2740977114,0.706248340773,0.490800032997,0,0,/base,/right_elbow_1,1.39140621331,-0.27513233131,0.142835981574,0.585440758445,-0.33855041329,0.57431336398,0.461309978178,0,0,/base,/right_hand_1,1.36434542085,-0.307643249047,-0.0970442906483,-0.507826260114,0.52037540413,-0.464935591907,0.505130501646,0,0,/base,/left_hip_1,1.35503152204,-0.0285318223362,-0.0390869529759,0.520375403082,0.507826261835,0.50513050386,0.464935588796,0,0,/base,/left_knee_1,1.33329477394,-0.00935241067243,-0.407531076114,0.520339981568,0.507868002268,0.50519075282,0.464864172764,0,0,/base,/left_foot_1,1.3123856836,0.0091063963746,-0.761802903975,-0.507826260114,0.52037540413,-0.464935591907,0.505130501646,0,0,/base,/right_hip_1,1.40594171636,-0.188867638229,-0.00187609310969,0.225580391467,0.715306775856,0.651670139811,0.113029784918,0,0,/base,/right_knee_1,1.34111609781,-0.206932492463,-0.365280363596,-0.205455103921,0.647647463631,0.695521027899,-0.233648160437,0,0,/base,/right_foot_1,1.32018866459,-0.188480859797,-0.719551482764,-0.507826260114,0.52037540413,-0.464935591907,0.505130501646,0,0,/base,left_hand,0.766792821647,0.29815372347,0.220237426047,0.0444665146839,0.986701462524,-0.0982913584977,0.121580268831,0,0,/base,right_hand,0.622988079813,-0.524025727498,0.316975958385,-0.0736523836954,0.995859411406,-0.0240599125919,0.0475445022711
1522314866341190368,19083,1522314866315809011,,205553,1522314866313972949,0,199,81,411,106,188,528,206,628,206080,1522314866306319952,base,-4918.0,9168.0,-7057.0,10506.0,0.0,0.0,0.0,0.0,0.0,0.0,0.0,0.0,0.0,965.0,1771.0,386.0,0.0,0.0,0.0,0.0,0.0,0.0,0.0,0.0,0.0,-1235.0,-1830.0,691.0,0.0,0.0,0.0,0.0,0.0,0.0,0.0,0.0,0.0,0,0,,0.0,0.0,0.0,0.0,0.0,0.0,0.0,0.0,0.0,0.0,0.0,0.0,0.0,0.0,0.0,0.0,0.0,0.0,0.0,963921,1522314866240456044,,head_nod,head_pan,left_e0,left_e1,left_s0,left_s1,left_w0,left_w1,left_w2,right_e0,right_e1,right_s0,right_s1,right_w0,right_w1,right_w2,torso_t0,0.0,-0.101242732,-0.874369049095,1.44424291179,-0.107378655152,-0.732859321412,0.510815602366,0.900446722489,-0.128470890985,0.907349636034,1.60032545696,-0.28493693135,-1.03160207985,-0.482053462593,1.12364092713,-0.208621387152,-12.5659871192,0.0,-0.00589048622438,0.465741110807,0.000392699081625,-0.592582914172,0.523860574888,0.0141371669385,-1.10741141018,0.00667588438763,-0.0121736715304,-0.012566370612,0.00196349540813,-0.00706858346925,0.0047123889795,-0.012566370612,-0.0168860605099,0.0,0.0,0.0,-12.756,-10.884,-0.184,-19.1,-0.164,-0.348,0.008,10.292,-14.812,0.464,-19.436,-0.04,-0.188,-0.224,-20.48,0,0,/base,/head_1,1.28471850153,-0.0179610866028,0.525345118897,0.331336526645,0.575480988686,0.564684052145,0.490071075483,0,0,/base,/neck_1,1.31779454141,-0.045384815379,0.338050940191,0.331336526645,0.575480988686,0.564684052145,0.490071075483,0,0,/base,/torso_1,1.34914058058,-0.0770422749327,0.158784712275,0.326292350257,0.583008189837,0.554843573015,0.495765430653,0,0,/base,/left_shoulder_1,1.2815576136,0.0687391685699,0.311564974757,-0.0845561930101,0.727587315514,0.559651189657,0.387630615977,0,0,/base,/left_elbow_1,1.10986296165,0.146627806058,0.146503535712,-0.295082050981,0.820989194119,0.482996656784,0.0749503559959,0,0,/base,/left_hand_1,0.916924513424,0.049019887296,0.0498436223386,-0.507826260114,0.52037540413,-0.464935591907,0.505130501646,0,0,/base,/right_shoulder_1,1.35403147032,-0.159508807736,0.364536920429,0.430347595986,-0.2740977114,0.706248340773,0.490800032997,0,0,/base,/right_elbow_1,1.39140621331,-0.27513233131,0.142835981574,0.585440758445,-0.33855041329,0.57431336398,0.461309978178,0,0,/base,/right_hand_1,1.36434542085,-0.307643249047,-0.0970442906483,-0.507826260114,0.52037540413,-0.464935591907,0.505130501646,0,0,/base,/left_hip_1,1.35503152204,-0.0285318223362,-0.0390869529759,0.520375403082,0.507826261835,0.50513050386,0.464935588796,0,0,/base,/left_knee_1,1.33329477394,-0.00935241067243,-0.407531076114,0.520339981568,0.507868002268,0.50519075282,0.464864172764,0,0,/base,/left_foot_1,1.3123856836,0.0091063963746,-0.761802903975,-0.507826260114,0.52037540413,-0.464935591907,0.505130501646,0,0,/base,/right_hip_1,1.40594171636,-0.188867638229,-0.00187609310969,0.225580391467,0.715306775856,0.651670139811,0.113029784918,0,0,/base,/right_knee_1,1.34111609781,-0.206932492463,-0.365280363596,-0.205455103921,0.647647463631,0.695521027899,-0.233648160437,0,0,/base,/right_foot_1,1.32018866459,-0.188480859797,-0.719551482764,-0.507826260114,0.52037540413,-0.464935591907,0.505130501646,0,0,/base,left_hand,0.763958293861,0.303124341101,0.226492477022,0.0427852232825,0.987508785828,-0.095693043462,0.117637851114,0,0,/base,right_hand,0.622733476298,-0.524085139745,0.316982920052,-0.0746949788597,0.99579106837,-0.0241186491373,0.0473191192987
1522314866343553155,19084,1522314866342550992,,205554,1522314866336157083,0,207,78,464,110,205,547,206,613,206081,1522314866328845977,base,-4606.0,9284.0,-7205.0,10445.0,0.0,0.0,0.0,0.0,0.0,0.0,0.0,0.0,0.0,1181.0,1607.0,436.0,0.0,0.0,0.0,0.0,0.0,0.0,0.0,0.0,0.0,-1468.0,-1741.0,582.0,0.0,0.0,0.0,0.0,0.0,0.0,0.0,0.0,0.0,0,0,,0.0,0.0,0.0,0.0,0.0,0.0,0.0,0.0,0.0,0.0,0.0,0.0,0.0,0.0,0.0,0.0,0.0,0.0,0.0,963925,1522314866280473900,,head_nod,head_pan,left_e0,left_e1,left_s0,left_s1,left_w0,left_w1,left_w2,right_e0,right_e1,right_s0,right_s1,right_w0,right_w1,right_w2,torso_t0,0.0,-0.101626227197,-0.85596127964,1.44424291179,-0.130004871773,-0.713301066367,0.512349583154,0.860179726807,-0.126936910198,0.90658264564,1.60147594255,-0.284553436153,-1.03045159426,-0.482053462593,1.12325743193,-0.207854396758,-12.5659871192,0.0,0.0047123889795,0.483805268562,-0.00824668071413,-0.611039771009,0.555669200499,0.0420188017339,-1.02062491314,0.0180641577548,0.00274889357138,0.0286670329586,0.00196349540813,-0.0180641577548,0.0106028752039,-0.00117809724488,0.000392699081625,0.0,0.0,0.0,-12.888,-10.664,-0.092,-19.132,-0.268,-0.396,-0.092,10.356,-14.812,0.248,-19.436,-0.048,-0.168,-0.224,-20.48,0,0,/base,/head_1,1.28471850153,-0.0179610866028,0.525345118897,0.331336526645,0.575480988686,0.564684052145,0.490071075483,0,0,/base,/neck_1,1.31779454141,-0.045384815379,0.338050940191,0.331336526645,0.575480988686,0.564684052145,0.490071075483,0,0,/base,/torso_1,1.34914058058,-0.0770422749327,0.158784712275,0.326292350257,0.583008189837,0.554843573015,0.495765430653,0,0,/base,/left_shoulder_1,1.2815576136,0.0687391685699,0.311564974757,-0.0845561930101,0.727587315514,0.559651189657,0.387630615977,0,0,/base,/left_elbow_1,1.10986296165,0.146627806058,0.146503535712,-0.295082050981,0.820989194119,0.482996656784,0.0749503559959,0,0,/base,/left_hand_1,0.916924513424,0.049019887296,0.0498436223386,-0.507826260114,0.52037540413,-0.464935591907,0.505130501646,0,0,/base,/right_shoulder_1,1.35403147032,-0.159508807736,0.364536920429,0.430347595986,-0.2740977114,0.706248340773,0.490800032997,0,0,/base,/right_elbow_1,1.39140621331,-0.27513233131,0.142835981574,0.585440758445,-0.33855041329,0.57431336398,0.461309978178,0,0,/base,/right_hand_1,1.36434542085,-0.307643249047,-0.0970442906483,-0.507826260114,0.52037540413,-0.464935591907,0.505130501646,0,0,/base,/left_hip_1,1.35503152204,-0.0285318223362,-0.0390869529759,0.520375403082,0.507826261835,0.50513050386,0.464935588796,0,0,/base,/left_knee_1,1.33329477394,-0.00935241067243,-0.407531076114,0.520339981568,0.507868002268,0.50519075282,0.464864172764,0,0,/base,/left_foot_1,1.3123856836,0.0091063963746,-0.761802903975,-0.507826260114,0.52037540413,-0.464935591907,0.505130501646,0,0,/base,/right_hip_1,1.40594171636,-0.188867638229,-0.00187609310969,0.225580391467,0.715306775856,0.651670139811,0.113029784918,0,0,/base,/right_knee_1,1.34111609781,-0.206932492463,-0.365280363596,-0.205455103921,0.647647463631,0.695521027899,-0.233648160437,0,0,/base,/right_foot_1,1.32018866459,-0.188480859797,-0.719551482764,-0.507826260114,0.52037540413,-0.464935591907,0.505130501646,0,0,/base,left_hand,0.766792821647,0.29815372347,0.220237426047,0.0444665146839,0.986701462524,-0.0982913584977,0.121580268831,0,0,/base,right_hand,0.622988079813,-0.524025727498,0.316975958385,-0.0736523836954,0.995859411406,-0.0240599125919,0.0475445022711
1522314866381143769,19085,1522314866359131097,,205555,1522314866358913898,0,191,76,444,106,221,552,203,608,206082,1522314866345005989,base,-4266.0,9365.0,-7347.0,10419.0,0.0,0.0,0.0,0.0,0.0,0.0,0.0,0.0,0.0,1418.0,1392.0,443.0,0.0,0.0,0.0,0.0,0.0,0.0,0.0,0.0,0.0,-1343.0,-1605.0,409.0,0.0,0.0,0.0,0.0,0.0,0.0,0.0,0.0,0.0,0,0,,0.0,0.0,0.0,0.0,0.0,0.0,0.0,0.0,0.0,0.0,0.0,0.0,0.0,0.0,0.0,0.0,0.0,0.0,0.0,963926,1522314866290498863,,head_nod,head_pan,left_e0,left_e1,left_s0,left_s1,left_w0,left_w1,left_w2,right_e0,right_e1,right_s0,right_s1,right_w0,right_w1,right_w2,torso_t0,0.0,-0.101242732,-0.850975842079,1.4434759214,-0.136140794925,-0.707932133609,0.512349583154,0.850592346882,-0.127703900591,0.907733131231,1.60109244736,-0.284553436153,-1.03083508946,-0.481669967396,1.12364092713,-0.208237891955,-12.5659871192,0.0,0.00863937979575,0.509723407949,-0.0337721210198,-0.603971187539,0.528965662949,0.0412334035706,-0.997848366409,0.000392699081625,-0.00196349540813,-0.0121736715304,-0.00549778714275,-0.009424777959,0.009424777959,0.0149225651018,0.00196349540813,0.0,0.0,0.0,-12.724,-10.536,-0.092,-19.168,-0.34,-0.464,-0.1,10.292,-14.812,0.34,-19.468,-0.032,-0.2,-0.24,-20.48,0,0,/base,/head_1,1.27731533073,-0.0116556730529,0.52182462523,0.319889223624,0.579154973246,0.566452053269,0.491306902985,0,0,/base,/neck_1,1.31294295672,-0.0410681016948,0.336025156316,0.319889223624,0.579154973246,0.566452053269,0.491306902985,0,0,/base,/torso_1,1.34662694377,-0.0740417435723,0.157413229729,0.316147168511,0.585997693585,0.557503860822,0.49582972493,0,0,/base,/left_shoulder_1,1.27511989971,0.0721791572866,0.307989708022,-0.0726878404078,0.740149054553,0.538442542424,0.396201316768,0,0,/base,/left_elbow_1,1.11388557307,0.148338120521,0.149311683153,-0.252107466439,0.830933315309,0.481295867085,0.11977453487,0,0,/base,/left_hand_1,0.913276781262,0.0761745616722,0.0443425343527,-0.507826260114,0.52037540413,-0.464935591907,0.505130501646,0,0,/base,/right_shoulder_1,1.35076601334,-0.154315378924,0.364060588379,0.425981994693,-0.269297410097,0.714001651413,0.486024574371,0,0,/base,/right_elbow_1,1.39229746254,-0.271517656891,0.144577570594,0.584641002763,-0.330728260052,0.580629612598,0.460090174711,0,0,/base,/right_hand_1,1.36626813761,-0.307424090104,-0.0946657112243,-0.507826260114,0.52037540413,-0.464935591907,0.505130501646,0,0,/base,/left_hip_1,1.35374772579,-0.027481671932,-0.0408880207453,0.520375403291,0.50782626149,0.505130503417,0.464935589418,0,0,/base,/left_knee_1,1.33201097679,-0.00830225947635,-0.409332159095,0.520343524101,0.507863828318,0.505184727967,0.464871314926,0,0,/base,/left_foot_1,1.31110266254,0.0101548401227,-0.763604121624,-0.507826260114,0.52037540413,-0.464935591907,0.505130501646,0,0,/base,/right_hip_1,1.40687413583,-0.186549098968,-0.00150937297113,0.219417105381,0.719934909577,0.649309236156,0.10930405153,0,0,/base,/right_knee_1,1.34257121964,-0.208911563444,-0.364767483931,-0.21013222389,0.646073317103,0.694117276423,-0.237980931969,0,0,/base,/right_foot_1,1.32165720385,-0.190464873959,-0.719039651991,-0.507826260114,0.52037540413,-0.464935591907,0.505130501646,0,0,/base,left_hand,0.771075400789,0.290904709128,0.210093392231,0.0463718662304,0.985643575348,-0.101422593599,0.126766911712,0,0,/base,right_hand,0.622654722781,-0.523383854859,0.316461362175,-0.074928918429,0.995807414607,-0.023415568523,0.0469570159631
1522314866381172484,19086,1522314866379823923,,205555,1522314866358913898,0,191,76,444,106,221,552,203,608,206083,1522314866366282939,base,-3942.0,9402.0,-7544.0,10372.0,0.0,0.0,0.0,0.0,0.0,0.0,0.0,0.0,0.0,1616.0,1375.0,241.0,0.0,0.0,0.0,0.0,0.0,0.0,0.0,0.0,0.0,-1248.0,-1613.0,467.0,0.0,0.0,0.0,0.0,0.0,0.0,0.0,0.0,0.0,0,0,,0.0,0.0,0.0,0.0,0.0,0.0,0.0,0.0,0.0,0.0,0.0,0.0,0.0,0.0,0.0,0.0,0.0,0.0,0.0,963926,1522314866290498863,,head_nod,head_pan,left_e0,left_e1,left_s0,left_s1,left_w0,left_w1,left_w2,right_e0,right_e1,right_s0,right_s1,right_w0,right_w1,right_w2,torso_t0,0.0,-0.101242732,-0.850975842079,1.4434759214,-0.136140794925,-0.707932133609,0.512349583154,0.850592346882,-0.127703900591,0.907733131231,1.60109244736,-0.284553436153,-1.03083508946,-0.481669967396,1.12364092713,-0.208237891955,-12.5659871192,0.0,0.00863937979575,0.509723407949,-0.0337721210198,-0.603971187539,0.528965662949,0.0412334035706,-0.997848366409,0.000392699081625,-0.00196349540813,-0.0121736715304,-0.00549778714275,-0.009424777959,0.009424777959,0.0149225651018,0.00196349540813,0.0,0.0,0.0,-12.724,-10.536,-0.092,-19.168,-0.34,-0.464,-0.1,10.292,-14.812,0.34,-19.468,-0.032,-0.2,-0.24,-20.48,0,0,/base,/head_1,1.26991005561,-0.00582242392153,0.519530080931,0.307421832302,0.582685616557,0.569536018851,0.491526207351,0,0,/base,/neck_1,1.30847398159,-0.0368551378584,0.334793359092,0.307421832302,0.582685616557,0.569536018851,0.491526207351,0,0,/base,/torso_1,1.34458762252,-0.0707353821425,0.156821946924,0.305361484378,0.589107629254,0.561304438758,0.494614892663,0,0,/base,/left_shoulder_1,1.26871142393,0.0753702488355,0.305364883941,-0.0627545251349,0.759477982745,0.507657419694,0.401919155466,0,0,/base,/left_elbow_1,1.11172017852,0.14875760016,0.147161114613,-0.212370667419,0.845141479888,0.465352430099,0.155182777375,0,0,/base,/left_hand_1,0.906107537134,0.0975623640902,0.0374010271159,-0.507826260114,0.52037540413,-0.464935591907,0.505130501646,0,0,/base,/right_shoulder_1,1.3482365394,-0.149080513524,0.364221842461,0.425613386595,-0.26472553406,0.719864194139,0.480176195542,0,0,/base,/right_elbow_1,1.39370137344,-0.26906695672,0.140977206327,0.584301055428,-0.321968245213,0.585743411488,0.460253605741,0,0,/base,/right_hand_1,1.36808340502,-0.3082649753,-0.0950061872687,-0.507826260114,0.52037540413,-0.464935591907,0.505130501646,0,0,/base,/left_hip_1,1.35273065126,-0.0256716631376,-0.0418506718477,0.520375403459,0.507826261215,0.505130503063,0.464935589916,0,0,/base,/left_knee_1,1.33099390047,-0.0064922490983,-0.410294840621,0.520346712329,0.507860071713,0.505179305549,0.464877742825,0,0,/base,/left_foot_1,1.31008635792,0.0119633106018,-0.764566928837,-0.507826260114,0.52037540413,-0.464935591907,0.505130501646,0,0,/base,/right_hip_1,1.40867187564,-0.183559589716,-0.000448258638878,0.211789921438,0.724411277617,0.647632807622,0.104618719787,0,0,/base,/right_knee_1,1.34534864133,-0.209960185795,-0.36360747369,-0.215614191466,0.644178019231,0.692431517769,-0.243071580361,0,0,/base,/right_foot_1,1.32444127294,-0.191515954448,-0.71788016188,-0.507826260114,0.52037540413,-0.464935591907,0.505130501646,0,0,/base,left_hand,0.771075400789,0.290904709128,0.210093392231,0.0463718662304,0.985643575348,-0.101422593599,0.126766911712,0,0,/base,right_hand,0.622654722781,-0.523383854859,0.316461362175,-0.074928918429,0.995807414607,-0.023415568523,0.0469570159631
1522314866381175342,19246,1522314866341682910,,205554,1522314866336157083,0,207,78,464,110,205,547,206,613,206081,1522314866328845977,base,-4606.0,9284.0,-7205.0,10445.0,0.0,0.0,0.0,0.0,0.0,0.0,0.0,0.0,0.0,1181.0,1607.0,436.0,0.0,0.0,0.0,0.0,0.0,0.0,0.0,0.0,0.0,-1468.0,-1741.0,582.0,0.0,0.0,0.0,0.0,0.0,0.0,0.0,0.0,0.0,0,0,,0.0,0.0,0.0,0.0,0.0,0.0,0.0,0.0,0.0,0.0,0.0,0.0,0.0,0.0,0.0,0.0,0.0,0.0,0.0,963924,1522314866270499381,,head_nod,head_pan,left_e0,left_e1,left_s0,left_s1,left_w0,left_w1,left_w2,right_e0,right_e1,right_s0,right_s1,right_w0,right_w1,right_w2,torso_t0,0.0,-0.101626227197,-0.861330212398,1.4438594166,-0.125019434213,-0.717519513533,0.511966087957,0.870150601928,-0.127703900591,0.907349636034,1.60070895216,-0.28493693135,-1.03121858466,-0.482053462593,1.12364092713,-0.207470901562,-12.5659871192,0.0,-0.00706858346925,0.469275402542,-0.0243473430608,-0.6090762756,0.539961237234,0.025132741224,-1.05989482131,0.0180641577548,-0.0137444678569,0.00235619448975,0.00549778714275,0.00981747704063,0.00746128255088,-0.00117809724488,-0.00235619448975,0.0,0.0,0.0,-12.82,-10.756,-0.092,-19.132,-0.216,-0.336,-0.028,10.26,-14.784,0.28,-19.408,-0.024,-0.2,-0.232,-20.48,0,0,/base,/head_1,1.28471850153,-0.0179610866028,0.525345118897,0.331336526645,0.575480988686,0.564684052145,0.490071075483,0,0,/base,/neck_1,1.31779454141,-0.045384815379,0.338050940191,0.331336526645,0.575480988686,0.564684052145,0.490071075483,0,0,/base,/torso_1,1.34914058058,-0.0770422749327,0.158784712275,0.326292350257,0.583008189837,0.554843573015,0.495765430653,0,0,/base,/left_shoulder_1,1.2815576136,0.0687391685699,0.311564974757,-0.0845561930101,0.727587315514,0.559651189657,0.387630615977,0,0,/base,/left_elbow_1,1.10986296165,0.146627806058,0.146503535712,-0.295082050981,0.820989194119,0.482996656784,0.0749503559959,0,0,/base,/left_hand_1,0.916924513424,0.049019887296,0.0498436223386,-0.507826260114,0.52037540413,-0.464935591907,0.505130501646,0,0,/base,/right_shoulder_1,1.35403147032,-0.159508807736,0.364536920429,0.430347595986,-0.2740977114,0.706248340773,0.490800032997,0,0,/base,/right_elbow_1,1.39140621331,-0.27513233131,0.142835981574,0.585440758445,-0.33855041329,0.57431336398,0.461309978178,0,0,/base,/right_hand_1,1.36434542085,-0.307643249047,-0.0970442906483,-0.507826260114,0.52037540413,-0.464935591907,0.505130501646,0,0,/base,/left_hip_1,1.35503152204,-0.0285318223362,-0.0390869529759,0.520375403082,0.507826261835,0.50513050386,0.464935588796,0,0,/base,/left_knee_1,1.33329477394,-0.00935241067243,-0.407531076114,0.520339981568,0.507868002268,0.50519075282,0.464864172764,0,0,/base,/left_foot_1,1.3123856836,0.0091063963746,-0.761802903975,-0.507826260114,0.52037540413,-0.464935591907,0.505130501646,0,0,/base,/right_hip_1,1.40594171636,-0.188867638229,-0.00187609310969,0.225580391467,0.715306775856,0.651670139811,0.113029784918,0,0,/base,/right_knee_1,1.34111609781,-0.206932492463,-0.365280363596,-0.205455103921,0.647647463631,0.695521027899,-0.233648160437,0,0,/base,/right_foot_1,1.32018866459,-0.188480859797,-0.719551482764,-0.507826260114,0.52037540413,-0.464935591907,0.505130501646,0,0,/base,left_hand,0.766792821647,0.29815372347,0.220237426047,0.0444665146839,0.986701462524,-0.0982913584977,0.121580268831,0,0,/base,right_hand,0.622988079813,-0.524025727498,0.316975958385,-0.0736523836954,0.995859411406,-0.0240599125919,0.0475445022711
1522314866381188973,19247,1522314866361285924,,205555,1522314866358913898,0,191,76,444,106,221,552,203,608,206082,1522314866345005989,base,-4266.0,9365.0,-7347.0,10419.0,0.0,0.0,0.0,0.0,0.0,0.0,0.0,0.0,0.0,1418.0,1392.0,443.0,0.0,0.0,0.0,0.0,0.0,0.0,0.0,0.0,0.0,-1343.0,-1605.0,409.0,0.0,0.0,0.0,0.0,0.0,0.0,0.0,0.0,0.0,0,0,,0.0,0.0,0.0,0.0,0.0,0.0,0.0,0.0,0.0,0.0,0.0,0.0,0.0,0.0,0.0,0.0,0.0,0.0,0.0,963924,1522314866270499381,,head_nod,head_pan,left_e0,left_e1,left_s0,left_s1,left_w0,left_w1,left_w2,right_e0,right_e1,right_s0,right_s1,right_w0,right_w1,right_w2,torso_t0,0.0,-0.101626227197,-0.861330212398,1.4438594166,-0.125019434213,-0.717519513533,0.511966087957,0.870150601928,-0.127703900591,0.907349636034,1.60070895216,-0.28493693135,-1.03121858466,-0.482053462593,1.12364092713,-0.207470901562,-12.5659871192,0.0,-0.00706858346925,0.469275402542,-0.0243473430608,-0.6090762756,0.539961237234,0.025132741224,-1.05989482131,0.0180641577548,-0.0137444678569,0.00235619448975,0.00549778714275,0.00981747704063,0.00746128255088,-0.00117809724488,-0.00235619448975,0.0,0.0,0.0,-12.82,-10.756,-0.092,-19.132,-0.216,-0.336,-0.028,10.26,-14.784,0.28,-19.408,-0.024,-0.2,-0.232,-20.48,0,0,/base,/head_1,1.27731533073,-0.0116556730529,0.52182462523,0.319889223624,0.579154973246,0.566452053269,0.491306902985,0,0,/base,/neck_1,1.31294295672,-0.0410681016948,0.336025156316,0.319889223624,0.579154973246,0.566452053269,0.491306902985,0,0,/base,/torso_1,1.34662694377,-0.0740417435723,0.157413229729,0.316147168511,0.585997693585,0.557503860822,0.49582972493,0,0,/base,/left_shoulder_1,1.27511989971,0.0721791572866,0.307989708022,-0.0726878404078,0.740149054553,0.538442542424,0.396201316768,0,0,/base,/left_elbow_1,1.11388557307,0.148338120521,0.149311683153,-0.252107466439,0.830933315309,0.481295867085,0.11977453487,0,0,/base,/left_hand_1,0.913276781262,0.0761745616722,0.0443425343527,-0.507826260114,0.52037540413,-0.464935591907,0.505130501646,0,0,/base,/right_shoulder_1,1.35076601334,-0.154315378924,0.364060588379,0.425981994693,-0.269297410097,0.714001651413,0.486024574371,0,0,/base,/right_elbow_1,1.39229746254,-0.271517656891,0.144577570594,0.584641002763,-0.330728260052,0.580629612598,0.460090174711,0,0,/base,/right_hand_1,1.36626813761,-0.307424090104,-0.0946657112243,-0.507826260114,0.52037540413,-0.464935591907,0.505130501646,0,0,/base,/left_hip_1,1.35374772579,-0.027481671932,-0.0408880207453,0.520375403291,0.50782626149,0.505130503417,0.464935589418,0,0,/base,/left_knee_1,1.33201097679,-0.00830225947635,-0.409332159095,0.520343524101,0.507863828318,0.505184727967,0.464871314926,0,0,/base,/left_foot_1,1.31110266254,0.0101548401227,-0.763604121624,-0.507826260114,0.52037540413,-0.464935591907,0.505130501646,0,0,/base,/right_hip_1,1.40687413583,-0.186549098968,-0.00150937297113,0.219417105381,0.719934909577,0.649309236156,0.10930405153,0,0,/base,/right_knee_1,1.34257121964,-0.208911563444,-0.364767483931,-0.21013222389,0.646073317103,0.694117276423,-0.237980931969,0,0,/base,/right_foot_1,1.32165720385,-0.190464873959,-0.719039651991,-0.507826260114,0.52037540413,-0.464935591907,0.505130501646,0,0,/base,left_hand,0.771075400789,0.290904709128,0.210093392231,0.0463718662304,0.985643575348,-0.101422593599,0.126766911712,0,0,/base,right_hand,0.622654722781,-0.523383854859,0.316461362175,-0.074928918429,0.995807414607,-0.023415568523,0.0469570159631
1522314866421164030,19248,1522314866382904052,,205555,1522314866358913898,0,191,76,444,106,221,552,203,608,206083,1522314866366282939,base,-3942.0,9402.0,-7544.0,10372.0,0.0,0.0,0.0,0.0,0.0,0.0,0.0,0.0,0.0,1616.0,1375.0,241.0,0.0,0.0,0.0,0.0,0.0,0.0,0.0,0.0,0.0,-1248.0,-1613.0,467.0,0.0,0.0,0.0,0.0,0.0,0.0,0.0,0.0,0.0,0,0,,0.0,0.0,0.0,0.0,0.0,0.0,0.0,0.0,0.0,0.0,0.0,0.0,0.0,0.0,0.0,0.0,0.0,0.0,0.0,963929,1522314866320460793,,head_nod,head_pan,left_e0,left_e1,left_s0,left_s1,left_w0,left_w1,left_w2,right_e0,right_e1,right_s0,right_s1,right_w0,right_w1,right_w2,torso_t0,0.0,-0.101626227197,-0.836786519791,1.44194194061,-0.154932059576,-0.693359316124,0.513116573548,0.823364187897,-0.127320405394,0.906966140837,1.60070895216,-0.284169940956,-1.03083508946,-0.481669967396,1.12402442232,-0.208237891955,-12.5659871192,0.0,0.00431968989788,0.549386015193,-0.0357356164279,-0.63067472509,0.518362787745,0.0416261026523,-0.948760981206,0.0180641577548,-0.003141592653,0.0129590696936,-0.00392699081625,-0.0243473430608,-0.00589048622438,0.0078539816325,0.00196349540813,0.0,0.0,0.0,-13.144,-10.408,-0.28,-19.004,-0.464,-0.552,-0.156,10.26,-14.872,0.308,-19.468,-0.056,-0.188,-0.232,-20.48,0,0,/base,/head_1,1.26991005561,-0.00582242392153,0.519530080931,0.307421832302,0.582685616557,0.569536018851,0.491526207351,0,0,/base,/neck_1,1.30847398159,-0.0368551378584,0.334793359092,0.307421832302,0.582685616557,0.569536018851,0.491526207351,0,0,/base,/torso_1,1.34458762252,-0.0707353821425,0.156821946924,0.305361484378,0.589107629254,0.561304438758,0.494614892663,0,0,/base,/left_shoulder_1,1.26871142393,0.0753702488355,0.305364883941,-0.0627545251349,0.759477982745,0.507657419694,0.401919155466,0,0,/base,/left_elbow_1,1.11172017852,0.14875760016,0.147161114613,-0.212370667419,0.845141479888,0.465352430099,0.155182777375,0,0,/base,/left_hand_1,0.906107537134,0.0975623640902,0.0374010271159,-0.507826260114,0.52037540413,-0.464935591907,0.505130501646,0,0,/base,/right_shoulder_1,1.3482365394,-0.149080513524,0.364221842461,0.425613386595,-0.26472553406,0.719864194139,0.480176195542,0,0,/base,/right_elbow_1,1.39370137344,-0.26906695672,0.140977206327,0.584301055428,-0.321968245213,0.585743411488,0.460253605741,0,0,/base,/right_hand_1,1.36808340502,-0.3082649753,-0.0950061872687,-0.507826260114,0.52037540413,-0.464935591907,0.505130501646,0,0,/base,/left_hip_1,1.35273065126,-0.0256716631376,-0.0418506718477,0.520375403459,0.507826261215,0.505130503063,0.464935589916,0,0,/base,/left_knee_1,1.33099390047,-0.0064922490983,-0.410294840621,0.520346712329,0.507860071713,0.505179305549,0.464877742825,0,0,/base,/left_foot_1,1.31008635792,0.0119633106018,-0.764566928837,-0.507826260114,0.52037540413,-0.464935591907,0.505130501646,0,0,/base,/right_hip_1,1.40867187564,-0.183559589716,-0.000448258638878,0.211789921438,0.724411277617,0.647632807622,0.104618719787,0,0,/base,/right_knee_1,1.34534864133,-0.209960185795,-0.36360747369,-0.215614191466,0.644178019231,0.692431517769,-0.243071580361,0,0,/base,/right_foot_1,1.32444127294,-0.191515954448,-0.71788016188,-0.507826260114,0.52037540413,-0.464935591907,0.505130501646,0,0,/base,left_hand,0.774895159472,0.282817398898,0.200502605493,0.049087194138,0.984607125982,-0.104384289008,0.131313270634,0,0,/base,right_hand,0.622627936093,-0.523611581784,0.316439283952,-0.0747185790239,0.995830137011,-0.0235351532444,0.0467500666427
1522314866421182119,19249,1522314866403083086,,205557,1522314866396230936,0,206,90,463,110,222,580,153,567,206084,1522314866390192985,base,-3630.0,9431.0,-7739.0,10316.0,0.0,0.0,0.0,0.0,0.0,0.0,0.0,0.0,0.0,1540.0,1324.0,44.0,0.0,0.0,0.0,0.0,0.0,0.0,0.0,0.0,0.0,-1372.0,-1618.0,557.0,0.0,0.0,0.0,0.0,0.0,0.0,0.0,0.0,0.0,0,0,,0.0,0.0,0.0,0.0,0.0,0.0,0.0,0.0,0.0,0.0,0.0,0.0,0.0,0.0,0.0,0.0,0.0,0.0,0.0,963929,1522314866320460793,,head_nod,head_pan,left_e0,left_e1,left_s0,left_s1,left_w0,left_w1,left_w2,right_e0,right_e1,right_s0,right_s1,right_w0,right_w1,right_w2,torso_t0,0.0,-0.101626227197,-0.836786519791,1.44194194061,-0.154932059576,-0.693359316124,0.513116573548,0.823364187897,-0.127320405394,0.906966140837,1.60070895216,-0.284169940956,-1.03083508946,-0.481669967396,1.12402442232,-0.208237891955,-12.5659871192,0.0,0.00431968989788,0.549386015193,-0.0357356164279,-0.63067472509,0.518362787745,0.0416261026523,-0.948760981206,0.0180641577548,-0.003141592653,0.0129590696936,-0.00392699081625,-0.0243473430608,-0.00589048622438,0.0078539816325,0.00196349540813,0.0,0.0,0.0,-13.144,-10.408,-0.28,-19.004,-0.464,-0.552,-0.156,10.26,-14.872,0.308,-19.468,-0.056,-0.188,-0.232,-20.48,0,0,/base,/head_1,1.26991005561,-0.00582242392153,0.519530080931,0.307421832302,0.582685616557,0.569536018851,0.491526207351,0,0,/base,/neck_1,1.30847398159,-0.0368551378584,0.334793359092,0.307421832302,0.582685616557,0.569536018851,0.491526207351,0,0,/base,/torso_1,1.34458762252,-0.0707353821425,0.156821946924,0.305361484378,0.589107629254,0.561304438758,0.494614892663,0,0,/base,/left_shoulder_1,1.26871142393,0.0753702488355,0.305364883941,-0.0627545251349,0.759477982745,0.507657419694,0.401919155466,0,0,/base,/left_elbow_1,1.11172017852,0.14875760016,0.147161114613,-0.212370667419,0.845141479888,0.465352430099,0.155182777375,0,0,/base,/left_hand_1,0.906107537134,0.0975623640902,0.0374010271159,-0.507826260114,0.52037540413,-0.464935591907,0.505130501646,0,0,/base,/right_shoulder_1,1.3482365394,-0.149080513524,0.364221842461,0.425613386595,-0.26472553406,0.719864194139,0.480176195542,0,0,/base,/right_elbow_1,1.39370137344,-0.26906695672,0.140977206327,0.584301055428,-0.321968245213,0.585743411488,0.460253605741,0,0,/base,/right_hand_1,1.36808340502,-0.3082649753,-0.0950061872687,-0.507826260114,0.52037540413,-0.464935591907,0.505130501646,0,0,/base,/left_hip_1,1.35273065126,-0.0256716631376,-0.0418506718477,0.520375403459,0.507826261215,0.505130503063,0.464935589916,0,0,/base,/left_knee_1,1.33099390047,-0.0064922490983,-0.410294840621,0.520346712329,0.507860071713,0.505179305549,0.464877742825,0,0,/base,/left_foot_1,1.31008635792,0.0119633106018,-0.764566928837,-0.507826260114,0.52037540413,-0.464935591907,0.505130501646,0,0,/base,/right_hip_1,1.40867187564,-0.183559589716,-0.000448258638878,0.211789921438,0.724411277617,0.647632807622,0.104618719787,0,0,/base,/right_knee_1,1.34534864133,-0.209960185795,-0.36360747369,-0.215614191466,0.644178019231,0.692431517769,-0.243071580361,0,0,/base,/right_foot_1,1.32444127294,-0.191515954448,-0.71788016188,-0.507826260114,0.52037540413,-0.464935591907,0.505130501646,0,0,/base,left_hand,0.776564284783,0.278921659737,0.193133006743,0.0504807325713,0.984191616689,-0.105815744167,0.132746320346,0,0,/base,right_hand,0.622332912287,-0.524002848637,0.316642007391,-0.0744268452871,0.995845314331,-0.0238437498622,0.0467357488231
1522314866421191829,19087,1522314866396393060,,205557,1522314866396230936,0,206,90,463,110,222,580,153,567,206084,1522314866390192985,base,-3630.0,9431.0,-7739.0,10316.0,0.0,0.0,0.0,0.0,0.0,0.0,0.0,0.0,0.0,1540.0,1324.0,44.0,0.0,0.0,0.0,0.0,0.0,0.0,0.0,0.0,0.0,-1372.0,-1618.0,557.0,0.0,0.0,0.0,0.0,0.0,0.0,0.0,0.0,0.0,0,0,,0.0,0.0,0.0,0.0,0.0,0.0,0.0,0.0,0.0,0.0,0.0,0.0,0.0,0.0,0.0,0.0,0.0,0.0,0.0,963930,1522314866330493564,,head_nod,head_pan,left_e0,left_e1,left_s0,left_s1,left_w0,left_w1,left_w2,right_e0,right_e1,right_s0,right_s1,right_w0,right_w1,right_w2,torso_t0,0.0,-0.101242732,-0.831417587034,1.44079145502,-0.160684487531,-0.687223392973,0.513500068745,0.814927293564,-0.126553415001,0.906966140837,1.60070895216,-0.28493693135,-1.03083508946,-0.48243695779,1.12402442232,-0.207470901562,-12.5659871192,0.0,-0.00667588438763,0.52189707948,-0.0506581815296,-0.634209016824,0.519933584072,0.040840704489,-0.904778684064,0.015707963265,-0.0102101761223,0.00706858346925,0.00235619448975,-0.00078539816325,0.0015707963265,0.00667588438763,0.00903207887738,0.0,0.0,0.0,-13.048,-10.44,-0.124,-19.132,-0.48,-0.552,-0.196,10.292,-14.812,0.34,-19.436,-0.04,-0.2,-0.224,-20.48,0,0,/base,/head_1,1.26991005561,-0.00582242392153,0.519530080931,0.307421832302,0.582685616557,0.569536018851,0.491526207351,0,0,/base,/neck_1,1.30847398159,-0.0368551378584,0.334793359092,0.307421832302,0.582685616557,0.569536018851,0.491526207351,0,0,/base,/torso_1,1.34458762252,-0.0707353821425,0.156821946924,0.305361484378,0.589107629254,0.561304438758,0.494614892663,0,0,/base,/left_shoulder_1,1.26871142393,0.0753702488355,0.305364883941,-0.0627545251349,0.759477982745,0.507657419694,0.401919155466,0,0,/base,/left_elbow_1,1.11172017852,0.14875760016,0.147161114613,-0.212370667419,0.845141479888,0.465352430099,0.155182777375,0,0,/base,/left_hand_1,0.906107537134,0.0975623640902,0.0374010271159,-0.507826260114,0.52037540413,-0.464935591907,0.505130501646,0,0,/base,/right_shoulder_1,1.3482365394,-0.149080513524,0.364221842461,0.425613386595,-0.26472553406,0.719864194139,0.480176195542,0,0,/base,/right_elbow_1,1.39370137344,-0.26906695672,0.140977206327,0.584301055428,-0.321968245213,0.585743411488,0.460253605741,0,0,/base,/right_hand_1,1.36808340502,-0.3082649753,-0.0950061872687,-0.507826260114,0.52037540413,-0.464935591907,0.505130501646,0,0,/base,/left_hip_1,1.35273065126,-0.0256716631376,-0.0418506718477,0.520375403459,0.507826261215,0.505130503063,0.464935589916,0,0,/base,/left_knee_1,1.33099390047,-0.0064922490983,-0.410294840621,0.520346712329,0.507860071713,0.505179305549,0.464877742825,0,0,/base,/left_foot_1,1.31008635792,0.0119633106018,-0.764566928837,-0.507826260114,0.52037540413,-0.464935591907,0.505130501646,0,0,/base,/right_hip_1,1.40867187564,-0.183559589716,-0.000448258638878,0.211789921438,0.724411277617,0.647632807622,0.104618719787,0,0,/base,/right_knee_1,1.34534864133,-0.209960185795,-0.36360747369,-0.215614191466,0.644178019231,0.692431517769,-0.243071580361,0,0,/base,/right_foot_1,1.32444127294,-0.191515954448,-0.71788016188,-0.507826260114,0.52037540413,-0.464935591907,0.505130501646,0,0,/base,left_hand,0.774895159472,0.282817398898,0.200502605493,0.049087194138,0.984607125982,-0.104384289008,0.131313270634,0,0,/base,right_hand,0.622627936093,-0.523611581784,0.316439283952,-0.0747185790239,0.995830137011,-0.0235351532444,0.0467500666427
1522314866421196831,19088,1522314866419107913,,205558,1522314866418895959,0,203,85,440,109,210,595,153,562,206085,1522314866404273986,base,-3330.0,9465.0,-7890.0,10272.0,0.0,0.0,0.0,0.0,0.0,0.0,0.0,0.0,0.0,1328.0,1230.0,158.0,0.0,0.0,0.0,0.0,0.0,0.0,0.0,0.0,0.0,-1475.0,-1579.0,635.0,0.0,0.0,0.0,0.0,0.0,0.0,0.0,0.0,0.0,0,0,,0.0,0.0,0.0,0.0,0.0,0.0,0.0,0.0,0.0,0.0,0.0,0.0,0.0,0.0,0.0,0.0,0.0,0.0,0.0,963931,1522314866340498475,,head_nod,head_pan,left_e0,left_e1,left_s0,left_s1,left_w0,left_w1,left_w2,right_e0,right_e1,right_s0,right_s1,right_w0,right_w1,right_w2,torso_t0,0.0,-0.101626227197,-0.826432149473,1.44079145502,-0.166053420289,-0.682621450609,0.513883563942,0.807640884822,-0.126169919804,0.906966140837,1.60109244736,-0.28493693135,-1.03160207985,-0.481669967396,1.12402442232,-0.208237891955,-12.5659871192,0.0,0.00196349540813,0.520718982235,-0.0797179135699,-0.620464548968,0.544280927132,0.0333794219381,-0.865508775902,0.0215984494894,-0.00196349540813,-0.00274889357138,0.00746128255088,0.012566370612,0.00235619448975,0.00981747704063,-0.00863937979575,0.0,0.0,0.0,-13.08,-10.408,-0.124,-19.264,-0.516,-0.588,-0.184,10.26,-14.812,0.184,-19.468,-0.04,-0.208,-0.204,-20.48,0,0,/base,/head_1,1.26298835814,0.000188274006555,0.516353662789,0.297157709274,0.586304064046,0.571625862354,0.491109675927,0,0,/base,/neck_1,1.30367476475,-0.0322614300364,0.33258936353,0.297157709274,0.586304064046,0.571625862354,0.491109675927,0,0,/base,/torso_1,1.34174318403,-0.0672665651898,0.155236639382,0.295779084187,0.592498739421,0.563721857733,0.493637158505,0,0,/base,/left_shoulder_1,1.26226053237,0.0789879190472,0.301746432757,-0.0462260701541,0.788015705575,0.458201557721,0.408589929768,0,0,/base,/left_elbow_1,1.1091131778,0.14877281064,0.142935048417,-0.167005950466,0.868552002277,0.429178879626,0.183117233303,0,0,/base,/left_hand_1,0.899190767426,0.116960525447,0.0325011511314,-0.507826260114,0.52037540413,-0.464935591907,0.505130501646,0,0,/base,/right_shoulder_1,1.34508899713,-0.14351077912,0.363432294303,0.420901621603,-0.258243419351,0.727620874237,0.476151262383,0,0,/base,/right_elbow_1,1.39496611846,-0.266884544329,0.140712374163,0.585104002698,-0.316451905317,0.59017375601,0.457390899959,0,0,/base,/right_hand_1,1.37022669791,-0.307570288728,-0.0944562540404,-0.507826260114,0.52037540413,-0.464935591907,0.505130501646,0,0,/base,/left_hip_1,1.35057607111,-0.023737356459,-0.0438890676191,0.520375403593,0.507826260995,0.50513050278,0.464935590314,0,0,/base,/left_knee_1,1.32883932391,-0.00455794558702,-0.412333175545,0.52034958169,0.507856690728,0.505174425333,0.464883527895,0,0,/base,/left_foot_1,1.30793254869,0.0138962417632,-0.766605380469,-0.507826260114,0.52037540413,-0.464935591907,0.505130501646,0,0,/base,/right_hip_1,1.40904713609,-0.180806067075,-0.000343103136861,0.207282449903,0.730007645988,0.643649623377,0.0991866174839,0,0,/base,/right_knee_1,1.3443876967,-0.21240475319,-0.362851084504,-0.220734197627,0.642364346542,0.690815134198,-0.247828389522,0,0,/base,/right_foot_1,1.32348365241,-0.193961766143,-0.717124033575,-0.507826260114,0.52037540413,-0.464935591907,0.505130501646,0,0,/base,left_hand,0.776564284783,0.278921659737,0.193133006743,0.0504807325713,0.984191616689,-0.105815744167,0.132746320346,0,0,/base,right_hand,0.622332912287,-0.524002848637,0.316642007391,-0.0744268452871,0.995845314331,-0.0238437498622,0.0467357488231
1522314866461174987,19250,1522314866423429012,,205558,1522314866418895959,0,203,85,440,109,210,595,153,562,206085,1522314866404273986,base,-3330.0,9465.0,-7890.0,10272.0,0.0,0.0,0.0,0.0,0.0,0.0,0.0,0.0,0.0,1328.0,1230.0,158.0,0.0,0.0,0.0,0.0,0.0,0.0,0.0,0.0,0.0,-1475.0,-1579.0,635.0,0.0,0.0,0.0,0.0,0.0,0.0,0.0,0.0,0.0,0,0,,0.0,0.0,0.0,0.0,0.0,0.0,0.0,0.0,0.0,0.0,0.0,0.0,0.0,0.0,0.0,0.0,0.0,0.0,0.0,963932,1522314866350497620,,head_nod,head_pan,left_e0,left_e1,left_s0,left_s1,left_w0,left_w1,left_w2,right_e0,right_e1,right_s0,right_s1,right_w0,right_w1,right_w2,torso_t0,0.0,-0.101626227197,-0.821063216716,1.43964096943,-0.172572838637,-0.677252517851,0.514650554336,0.800354476079,-0.126169919804,0.907349636034,1.60032545696,-0.284169940956,-1.03121858466,-0.48243695779,1.12402442232,-0.208621387152,-12.5659871192,0.0,-0.0145298660201,0.557632695908,-0.0789325154066,-0.632245521416,0.517970088663,0.0278816347954,-0.817992187025,0.0180641577548,-0.0129590696936,-0.00589048622438,0.00706858346925,0.00274889357138,-0.0180641577548,0.0102101761223,0.00549778714275,0.0,0.0,0.0,-13.048,-10.312,-0.06,-19.428,-0.496,-0.58,-0.196,10.388,-14.784,0.28,-19.468,-0.016,-0.188,-0.232,-20.48,0,0,/base,/head_1,1.26298835814,0.000188274006555,0.516353662789,0.297157709274,0.586304064046,0.571625862354,0.491109675927,0,0,/base,/neck_1,1.30367476475,-0.0322614300364,0.33258936353,0.297157709274,0.586304064046,0.571625862354,0.491109675927,0,0,/base,/torso_1,1.34174318403,-0.0672665651898,0.155236639382,0.295779084187,0.592498739421,0.563721857733,0.493637158505,0,0,/base,/left_shoulder_1,1.26226053237,0.0789879190472,0.301746432757,-0.0462260701541,0.788015705575,0.458201557721,0.408589929768,0,0,/base,/left_elbow_1,1.1091131778,0.14877281064,0.142935048417,-0.167005950466,0.868552002277,0.429178879626,0.183117233303,0,0,/base,/left_hand_1,0.899190767426,0.116960525447,0.0325011511314,-0.507826260114,0.52037540413,-0.464935591907,0.505130501646,0,0,/base,/right_shoulder_1,1.34508899713,-0.14351077912,0.363432294303,0.420901621603,-0.258243419351,0.727620874237,0.476151262383,0,0,/base,/right_elbow_1,1.39496611846,-0.266884544329,0.140712374163,0.585104002698,-0.316451905317,0.59017375601,0.457390899959,0,0,/base,/right_hand_1,1.37022669791,-0.307570288728,-0.0944562540404,-0.507826260114,0.52037540413,-0.464935591907,0.505130501646,0,0,/base,/left_hip_1,1.35057607111,-0.023737356459,-0.0438890676191,0.520375403593,0.507826260995,0.50513050278,0.464935590314,0,0,/base,/left_knee_1,1.32883932391,-0.00455794558702,-0.412333175545,0.52034958169,0.507856690728,0.505174425333,0.464883527895,0,0,/base,/left_foot_1,1.30793254869,0.0138962417632,-0.766605380469,-0.507826260114,0.52037540413,-0.464935591907,0.505130501646,0,0,/base,/right_hip_1,1.40904713609,-0.180806067075,-0.000343103136861,0.207282449903,0.730007645988,0.643649623377,0.0991866174839,0,0,/base,/right_knee_1,1.3443876967,-0.21240475319,-0.362851084504,-0.220734197627,0.642364346542,0.690815134198,-0.247828389522,0,0,/base,/right_foot_1,1.32348365241,-0.193961766143,-0.717124033575,-0.507826260114,0.52037540413,-0.464935591907,0.505130501646,0,0,/base,left_hand,0.776564284783,0.278921659737,0.193133006743,0.0504807325713,0.984191616689,-0.105815744167,0.132746320346,0,0,/base,right_hand,0.622332912287,-0.524002848637,0.316642007391,-0.0744268452871,0.995845314331,-0.0238437498622,0.0467357488231
1522314866461181711,19251,1522314866443737030,,205559,1522314866435338973,0,215,88,378,97,182,542,187,531,206086,1522314866434578895,base,-3043.0,9500.0,-8016.0,10231.0,0.0,0.0,0.0,0.0,0.0,0.0,0.0,0.0,0.0,1226.0,1141.0,223.0,0.0,0.0,0.0,0.0,0.0,0.0,0.0,0.0,0.0,-1473.0,-1519.0,597.0,0.0,0.0,0.0,0.0,0.0,0.0,0.0,0.0,0.0,0,0,,0.0,0.0,0.0,0.0,0.0,0.0,0.0,0.0,0.0,0.0,0.0,0.0,0.0,0.0,0.0,0.0,0.0,0.0,0.0,963934,1522314866370496782,,head_nod,head_pan,left_e0,left_e1,left_s0,left_s1,left_w0,left_w1,left_w2,right_e0,right_e1,right_s0,right_s1,right_w0,right_w1,right_w2,torso_t0,0.0,-0.101626227197,-0.8103253512,1.43772349345,-0.185228180137,-0.668432128321,0.515417544729,0.786548648988,-0.125019434213,0.906966140837,1.59994196176,-0.284169940956,-1.03121858466,-0.481669967396,1.12440791752,-0.208237891955,-12.5659871192,0.0,0.00353429173463,0.524253273969,-0.113882733671,-0.656200165395,0.508938009786,0.053407075101,-0.699789763456,0.0530143760194,0.003141592653,0.00353429173463,-0.00078539816325,-0.00903207887738,0.00667588438763,-0.0231692458159,-0.0117809724488,0.0,0.0,0.0,-13.08,-10.252,-0.184,-19.46,-0.496,-0.504,-0.204,10.324,-14.844,0.216,-19.468,0.0,-0.18,-0.224,-20.48,0,0,/base,/head_1,1.26298835814,0.000188274006555,0.516353662789,0.297157709274,0.586304064046,0.571625862354,0.491109675927,0,0,/base,/neck_1,1.30367476475,-0.0322614300364,0.33258936353,0.297157709274,0.586304064046,0.571625862354,0.491109675927,0,0,/base,/torso_1,1.34174318403,-0.0672665651898,0.155236639382,0.295779084187,0.592498739421,0.563721857733,0.493637158505,0,0,/base,/left_shoulder_1,1.26226053237,0.0789879190472,0.301746432757,-0.0462260701541,0.788015705575,0.458201557721,0.408589929768,0,0,/base,/left_elbow_1,1.1091131778,0.14877281064,0.142935048417,-0.167005950466,0.868552002277,0.429178879626,0.183117233303,0,0,/base,/left_hand_1,0.899190767426,0.116960525447,0.0325011511314,-0.507826260114,0.52037540413,-0.464935591907,0.505130501646,0,0,/base,/right_shoulder_1,1.34508899713,-0.14351077912,0.363432294303,0.420901621603,-0.258243419351,0.727620874237,0.476151262383,0,0,/base,/right_elbow_1,1.39496611846,-0.266884544329,0.140712374163,0.585104002698,-0.316451905317,0.59017375601,0.457390899959,0,0,/base,/right_hand_1,1.37022669791,-0.307570288728,-0.0944562540404,-0.507826260114,0.52037540413,-0.464935591907,0.505130501646,0,0,/base,/left_hip_1,1.35057607111,-0.023737356459,-0.0438890676191,0.520375403593,0.507826260995,0.50513050278,0.464935590314,0,0,/base,/left_knee_1,1.32883932391,-0.00455794558702,-0.412333175545,0.52034958169,0.507856690728,0.505174425333,0.464883527895,0,0,/base,/left_foot_1,1.30793254869,0.0138962417632,-0.766605380469,-0.507826260114,0.52037540413,-0.464935591907,0.505130501646,0,0,/base,/right_hip_1,1.40904713609,-0.180806067075,-0.000343103136861,0.207282449903,0.730007645988,0.643649623377,0.0991866174839,0,0,/base,/right_knee_1,1.3443876967,-0.21240475319,-0.362851084504,-0.220734197627,0.642364346542,0.690815134198,-0.247828389522,0,0,/base,/right_foot_1,1.32348365241,-0.193961766143,-0.717124033575,-0.507826260114,0.52037540413,-0.464935591907,0.505130501646,0,0,/base,left_hand,0.778420495248,0.274781870572,0.18656943887,0.0519861880963,0.983817631535,-0.106546834349,0.134343128659,0,0,/base,right_hand,0.622825043845,-0.523754669538,0.316791681525,-0.0749993238901,0.995771022975,-0.0241182594705,0.0472597162484
1522314866461184395,19089,1522314866437733888,,205559,1522314866435338973,0,215,88,378,97,182,542,187,531,206086,1522314866434578895,base,-3043.0,9500.0,-8016.0,10231.0,0.0,0.0,0.0,0.0,0.0,0.0,0.0,0.0,0.0,1226.0,1141.0,223.0,0.0,0.0,0.0,0.0,0.0,0.0,0.0,0.0,0.0,-1473.0,-1519.0,597.0,0.0,0.0,0.0,0.0,0.0,0.0,0.0,0.0,0.0,0,0,,0.0,0.0,0.0,0.0,0.0,0.0,0.0,0.0,0.0,0.0,0.0,0.0,0.0,0.0,0.0,0.0,0.0,0.0,0.0,963934,1522314866370496782,,head_nod,head_pan,left_e0,left_e1,left_s0,left_s1,left_w0,left_w1,left_w2,right_e0,right_e1,right_s0,right_s1,right_w0,right_w1,right_w2,torso_t0,0.0,-0.101626227197,-0.8103253512,1.43772349345,-0.185228180137,-0.668432128321,0.515417544729,0.786548648988,-0.125019434213,0.906966140837,1.59994196176,-0.284169940956,-1.03121858466,-0.481669967396,1.12440791752,-0.208237891955,-12.5659871192,0.0,0.00353429173463,0.524253273969,-0.113882733671,-0.656200165395,0.508938009786,0.053407075101,-0.699789763456,0.0530143760194,0.003141592653,0.00353429173463,-0.00078539816325,-0.00903207887738,0.00667588438763,-0.0231692458159,-0.0117809724488,0.0,0.0,0.0,-13.08,-10.252,-0.184,-19.46,-0.496,-0.504,-0.204,10.324,-14.844,0.216,-19.468,0.0,-0.18,-0.224,-20.48,0,0,/base,/head_1,1.26298835814,0.000188274006555,0.516353662789,0.297157709274,0.586304064046,0.571625862354,0.491109675927,0,0,/base,/neck_1,1.30367476475,-0.0322614300364,0.33258936353,0.297157709274,0.586304064046,0.571625862354,0.491109675927,0,0,/base,/torso_1,1.34174318403,-0.0672665651898,0.155236639382,0.295779084187,0.592498739421,0.563721857733,0.493637158505,0,0,/base,/left_shoulder_1,1.26226053237,0.0789879190472,0.301746432757,-0.0462260701541,0.788015705575,0.458201557721,0.408589929768,0,0,/base,/left_elbow_1,1.1091131778,0.14877281064,0.142935048417,-0.167005950466,0.868552002277,0.429178879626,0.183117233303,0,0,/base,/left_hand_1,0.899190767426,0.116960525447,0.0325011511314,-0.507826260114,0.52037540413,-0.464935591907,0.505130501646,0,0,/base,/right_shoulder_1,1.34508899713,-0.14351077912,0.363432294303,0.420901621603,-0.258243419351,0.727620874237,0.476151262383,0,0,/base,/right_elbow_1,1.39496611846,-0.266884544329,0.140712374163,0.585104002698,-0.316451905317,0.59017375601,0.457390899959,0,0,/base,/right_hand_1,1.37022669791,-0.307570288728,-0.0944562540404,-0.507826260114,0.52037540413,-0.464935591907,0.505130501646,0,0,/base,/left_hip_1,1.35057607111,-0.023737356459,-0.0438890676191,0.520375403593,0.507826260995,0.50513050278,0.464935590314,0,0,/base,/left_knee_1,1.32883932391,-0.00455794558702,-0.412333175545,0.52034958169,0.507856690728,0.505174425333,0.464883527895,0,0,/base,/left_foot_1,1.30793254869,0.0138962417632,-0.766605380469,-0.507826260114,0.52037540413,-0.464935591907,0.505130501646,0,0,/base,/right_hip_1,1.40904713609,-0.180806067075,-0.000343103136861,0.207282449903,0.730007645988,0.643649623377,0.0991866174839,0,0,/base,/right_knee_1,1.3443876967,-0.21240475319,-0.362851084504,-0.220734197627,0.642364346542,0.690815134198,-0.247828389522,0,0,/base,/right_foot_1,1.32348365241,-0.193961766143,-0.717124033575,-0.507826260114,0.52037540413,-0.464935591907,0.505130501646,0,0,/base,left_hand,0.778420495248,0.274781870572,0.18656943887,0.0519861880963,0.983817631535,-0.106546834349,0.134343128659,0,0,/base,right_hand,0.622825043845,-0.523754669538,0.316791681525,-0.0749993238901,0.995771022975,-0.0241182594705,0.0472597162484
1522314866461212476,19090,1522314866456722021,,205560,1522314866456496953,0,218,83,369,84,160,548,195,564,206087,1522314866449805021,base,-2779.0,9523.0,-8139.0,10187.0,0.0,0.0,0.0,0.0,0.0,0.0,0.0,0.0,0.0,1246.0,1011.0,208.0,0.0,0.0,0.0,0.0,0.0,0.0,0.0,0.0,0.0,-1366.0,-1561.0,449.0,0.0,0.0,0.0,0.0,0.0,0.0,0.0,0.0,0.0,0,0,,0.0,0.0,0.0,0.0,0.0,0.0,0.0,0.0,0.0,0.0,0.0,0.0,0.0,0.0,0.0,0.0,0.0,0.0,0.0,963936,1522314866390478213,,head_nod,head_pan,left_e0,left_e1,left_s0,left_s1,left_w0,left_w1,left_w2,right_e0,right_e1,right_s0,right_s1,right_w0,right_w1,right_w2,torso_t0,0.0,-0.101242732,-0.800737971276,1.43465553187,-0.197116531243,-0.658077758003,0.516951525517,0.776577773867,-0.124635939016,0.90658264564,1.59955846657,-0.284169940956,-1.03121858466,-0.481286472199,1.12440791752,-0.209004882349,-12.5659871192,0.0,0.0078539816325,0.546637121622,-0.146084058365,-0.648738882845,0.505796417133,0.0801106126515,-0.596509904988,0.0420188017339,-0.012566370612,-0.0129590696936,-0.0129590696936,-0.012566370612,0.000392699081625,0.00549778714275,0.00078539816325,0.0,0.0,0.0,-12.82,-10.22,-0.216,-19.428,-0.488,-0.572,-0.128,10.292,-14.844,0.34,-19.468,-0.04,-0.2,-0.224,-20.48,0,0,/base,/head_1,1.25601459326,0.00587738062313,0.514119095424,0.287255398843,0.588695328402,0.574751559266,0.490492396755,0,0,/base,/neck_1,1.29916273353,-0.027457093866,0.330819657272,0.287255398843,0.588695328402,0.574751559266,0.490492396755,0,0,/base,/torso_1,1.33962250723,-0.0637973971285,0.154270353789,0.285315286284,0.595474481572,0.565904196669,0.49371830977,0,0,/base,/left_shoulder_1,1.25627657477,0.0827559562309,0.298310185356,-0.0522309678902,0.78711326572,0.458909896702,0.408810884921,0,0,/base,/left_elbow_1,1.10382712593,0.150402422361,0.13865527852,-0.137541850198,0.864525985442,0.440264491123,0.199610214658,0,0,/base,/left_hand_1,0.89213704368,0.135516688947,0.0268112476435,-0.507826260114,0.52037540413,-0.464935591907,0.505130501646,0,0,/base,/right_shoulder_1,1.34204895329,-0.137670145991,0.363329125483,0.415420531217,-0.251994320702,0.735227618919,0.472615057902,0,0,/base,/right_elbow_1,1.39614252826,-0.263881963238,0.142649774383,0.581504709565,-0.313123517894,0.597825353394,0.454324533934,0,0,/base,/right_hand_1,1.37471113446,-0.306940474862,-0.0929775019312,-0.507826260114,0.52037540413,-0.464935591907,0.505130501646,0,0,/base,/left_hip_1,1.34994363257,-0.0226847639802,-0.045125182619,0.520375403701,0.507826260818,0.505130502553,0.464935590633,0,0,/base,/left_knee_1,1.32820688358,-0.00350535152455,-0.413569320969,0.520352164081,0.507853647808,0.505170033104,0.464888734428,0,0,/base,/left_foot_1,1.30730062867,0.0149475858276,-0.767841621657,-0.507826260114,0.52037540413,-0.464935591907,0.505130501646,0,0,/base,/right_hip_1,1.41022093099,-0.177590668057,0.000567296810883,0.199218275685,0.735539000168,0.640138577142,0.0975554197363,0,0,/base,/right_knee_1,1.34806906845,-0.214944150273,-0.361832046939,-0.228135807405,0.639669150457,0.68840562981,-0.254705948457,0,0,/base,/right_foot_1,1.3271666253,-0.196501787157,-0.71610512295,-0.507826260114,0.52037540413,-0.464935591907,0.505130501646,0,0,/base,left_hand,0.780278103525,0.268173598891,0.176210617962,0.0552768881336,0.983539641611,-0.107337232072,0.134435700725,0,0,/base,right_hand,0.622836265549,-0.52398971638,0.316909655643,-0.0746317154,0.995817163691,-0.0237455819525,0.0470577399913
1522314866501200323,19252,1522314866460361957,,205560,1522314866456496953,0,218,83,369,84,160,548,195,564,206087,1522314866449805021,base,-2779.0,9523.0,-8139.0,10187.0,0.0,0.0,0.0,0.0,0.0,0.0,0.0,0.0,0.0,1246.0,1011.0,208.0,0.0,0.0,0.0,0.0,0.0,0.0,0.0,0.0,0.0,-1366.0,-1561.0,449.0,0.0,0.0,0.0,0.0,0.0,0.0,0.0,0.0,0.0,0,0,,0.0,0.0,0.0,0.0,0.0,0.0,0.0,0.0,0.0,0.0,0.0,0.0,0.0,0.0,0.0,0.0,0.0,0.0,0.0,963934,1522314866370496782,,head_nod,head_pan,left_e0,left_e1,left_s0,left_s1,left_w0,left_w1,left_w2,right_e0,right_e1,right_s0,right_s1,right_w0,right_w1,right_w2,torso_t0,0.0,-0.101626227197,-0.8103253512,1.43772349345,-0.185228180137,-0.668432128321,0.515417544729,0.786548648988,-0.125019434213,0.906966140837,1.59994196176,-0.284169940956,-1.03121858466,-0.481669967396,1.12440791752,-0.208237891955,-12.5659871192,0.0,0.00353429173463,0.524253273969,-0.113882733671,-0.656200165395,0.508938009786,0.053407075101,-0.699789763456,0.0530143760194,0.003141592653,0.00353429173463,-0.00078539816325,-0.00903207887738,0.00667588438763,-0.0231692458159,-0.0117809724488,0.0,0.0,0.0,-13.08,-10.252,-0.184,-19.46,-0.496,-0.504,-0.204,10.324,-14.844,0.216,-19.468,0.0,-0.18,-0.224,-20.48,0,0,/base,/head_1,1.25601459326,0.00587738062313,0.514119095424,0.287255398843,0.588695328402,0.574751559266,0.490492396755,0,0,/base,/neck_1,1.29916273353,-0.027457093866,0.330819657272,0.287255398843,0.588695328402,0.574751559266,0.490492396755,0,0,/base,/torso_1,1.33962250723,-0.0637973971285,0.154270353789,0.285315286284,0.595474481572,0.565904196669,0.49371830977,0,0,/base,/left_shoulder_1,1.25627657477,0.0827559562309,0.298310185356,-0.0522309678902,0.78711326572,0.458909896702,0.408810884921,0,0,/base,/left_elbow_1,1.10382712593,0.150402422361,0.13865527852,-0.137541850198,0.864525985442,0.440264491123,0.199610214658,0,0,/base,/left_hand_1,0.89213704368,0.135516688947,0.0268112476435,-0.507826260114,0.52037540413,-0.464935591907,0.505130501646,0,0,/base,/right_shoulder_1,1.34204895329,-0.137670145991,0.363329125483,0.415420531217,-0.251994320702,0.735227618919,0.472615057902,0,0,/base,/right_elbow_1,1.39614252826,-0.263881963238,0.142649774383,0.581504709565,-0.313123517894,0.597825353394,0.454324533934,0,0,/base,/right_hand_1,1.37471113446,-0.306940474862,-0.0929775019312,-0.507826260114,0.52037540413,-0.464935591907,0.505130501646,0,0,/base,/left_hip_1,1.34994363257,-0.0226847639802,-0.045125182619,0.520375403701,0.507826260818,0.505130502553,0.464935590633,0,0,/base,/left_knee_1,1.32820688358,-0.00350535152455,-0.413569320969,0.520352164081,0.507853647808,0.505170033104,0.464888734428,0,0,/base,/left_foot_1,1.30730062867,0.0149475858276,-0.767841621657,-0.507826260114,0.52037540413,-0.464935591907,0.505130501646,0,0,/base,/right_hip_1,1.41022093099,-0.177590668057,0.000567296810883,0.199218275685,0.735539000168,0.640138577142,0.0975554197363,0,0,/base,/right_knee_1,1.34806906845,-0.214944150273,-0.361832046939,-0.228135807405,0.639669150457,0.68840562981,-0.254705948457,0,0,/base,/right_foot_1,1.3271666253,-0.196501787157,-0.71610512295,-0.507826260114,0.52037540413,-0.464935591907,0.505130501646,0,0,/base,left_hand,0.780278103525,0.268173598891,0.176210617962,0.0552768881336,0.983539641611,-0.107337232072,0.134435700725,0,0,/base,right_hand,0.622836265549,-0.52398971638,0.316909655643,-0.0746317154,0.995817163691,-0.0237455819525,0.0470577399913
1522314866501210769,19253,1522314866482554912,,205561,1522314866479176044,0,190,79,355,79,172,502,175,487,206088,1522314866466466903,base,-2526.0,9528.0,-8268.0,10144.0,0.0,0.0,0.0,0.0,0.0,0.0,0.0,0.0,0.0,1240.0,949.0,151.0,0.0,0.0,0.0,0.0,0.0,0.0,0.0,0.0,0.0,-1423.0,-1595.0,574.0,0.0,0.0,0.0,0.0,0.0,0.0,0.0,0.0,0.0,0,0,,0.0,0.0,0.0,0.0,0.0,0.0,0.0,0.0,0.0,0.0,0.0,0.0,0.0,0.0,0.0,0.0,0.0,0.0,0.0,963938,1522314866410498814,,head_nod,head_pan,left_e0,left_e1,left_s0,left_s1,left_w0,left_w1,left_w2,right_e0,right_e1,right_s0,right_s1,right_w0,right_w1,right_w2,torso_t0,0.0,-0.101242732,-0.790767096155,1.43197106549,-0.210538863137,-0.649257368473,0.520019487093,0.766990393943,-0.123101958228,0.907349636034,1.60032545696,-0.28493693135,-1.03198557505,-0.48243695779,1.12325743193,-0.208621387152,-12.5659871192,0.0,-0.00392699081625,0.533678051928,-0.177499984895,-0.644811892028,0.499905930909,0.113097335508,-0.469275402542,0.0820741080596,-0.0172787595915,0.0015707963265,0.0109955742855,-0.0015707963265,-0.006283185306,-0.0015707963265,0.00078539816325,0.0,0.0,0.0,-13.048,-10.124,-0.216,-19.492,-0.428,-0.6,-0.064,10.356,-14.784,0.34,-19.436,-0.032,-0.208,-0.232,-20.48,0,0,/base,/head_1,1.25107642652,0.0109320427726,0.513481889328,0.27946189726,0.593740821015,0.575853243865,0.487612476225,0,0,/base,/neck_1,1.29518087515,-0.0237393865446,0.329892005625,0.27946189726,0.593740821015,0.575853243865,0.487612476225,0,0,/base,/torso_1,1.33707537118,-0.0611783761106,0.153897088404,0.276378443975,0.599669729225,0.567714292484,0.49164179406,0,0,/base,/left_shoulder_1,1.25056099658,0.0853835976441,0.296061818295,-0.0591838256102,0.786036414535,0.458899928447,0.409944978603,0,0,/base,/left_elbow_1,1.0984828326,0.15094984633,0.134283795327,-0.110405361617,0.860452365205,0.449393302966,0.213255814902,0,0,/base,/left_hand_1,0.885915248921,0.151352168907,0.0222594236073,-0.507826260114,0.52037540413,-0.464935591907,0.505130501646,0,0,/base,/right_shoulder_1,1.33980069272,-0.132862368705,0.36372219666,0.410037306077,-0.24398423819,0.74343494721,0.468663609007,0,0,/base,/right_elbow_1,1.39614252826,-0.263881963238,0.142649774383,0.581504709565,-0.313123517894,0.597825353394,0.454324533934,0,0,/base,/right_hand_1,1.37471113446,-0.306940474862,-0.0929775019312,-0.507826260114,0.52037540413,-0.464935591907,0.505130501646,0,0,/base,/left_hip_1,1.34994363257,-0.0226847639802,-0.045125182619,0.520375403701,0.507826260818,0.505130502553,0.464935590633,0,0,/base,/left_knee_1,1.32820688358,-0.00350535152455,-0.413569320969,0.520352164081,0.507853647808,0.505170033104,0.464888734428,0,0,/base,/left_foot_1,1.30730062867,0.0149475858276,-0.767841621657,-0.507826260114,0.52037540413,-0.464935591907,0.505130501646,0,0,/base,/right_hip_1,1.41022093099,-0.177590668057,0.000567296810883,0.199218275685,0.735539000168,0.640138577142,0.0975554197363,0,0,/base,/right_knee_1,1.34806906845,-0.214944150273,-0.361832046939,-0.228135807405,0.639669150457,0.68840562981,-0.254705948457,0,0,/base,/right_foot_1,1.3271666253,-0.196501787157,-0.71610512295,-0.507826260114,0.52037540413,-0.464935591907,0.505130501646,0,0,/base,left_hand,0.781341941409,0.263550308693,0.169835026728,0.0590278992473,0.983394653835,-0.106661431942,0.134439580686,0,0,/base,right_hand,0.622829378483,-0.524198062539,0.317160773709,-0.0747768066629,0.99576413689,-0.0244933187334,0.0475635386234
1522314866501221498,19091,1522314866479685068,,205561,1522314866479176044,0,190,79,355,79,172,502,175,487,206088,1522314866466466903,base,-2526.0,9528.0,-8268.0,10144.0,0.0,0.0,0.0,0.0,0.0,0.0,0.0,0.0,0.0,1240.0,949.0,151.0,0.0,0.0,0.0,0.0,0.0,0.0,0.0,0.0,0.0,-1423.0,-1595.0,574.0,0.0,0.0,0.0,0.0,0.0,0.0,0.0,0.0,0.0,0,0,,0.0,0.0,0.0,0.0,0.0,0.0,0.0,0.0,0.0,0.0,0.0,0.0,0.0,0.0,0.0,0.0,0.0,0.0,0.0,963936,1522314866390478213,,head_nod,head_pan,left_e0,left_e1,left_s0,left_s1,left_w0,left_w1,left_w2,right_e0,right_e1,right_s0,right_s1,right_w0,right_w1,right_w2,torso_t0,0.0,-0.101242732,-0.800737971276,1.43465553187,-0.197116531243,-0.658077758003,0.516951525517,0.776577773867,-0.124635939016,0.90658264564,1.59955846657,-0.284169940956,-1.03121858466,-0.481286472199,1.12440791752,-0.209004882349,-12.5659871192,0.0,0.0078539816325,0.546637121622,-0.146084058365,-0.648738882845,0.505796417133,0.0801106126515,-0.596509904988,0.0420188017339,-0.012566370612,-0.0129590696936,-0.0129590696936,-0.012566370612,0.000392699081625,0.00549778714275,0.00078539816325,0.0,0.0,0.0,-12.82,-10.22,-0.216,-19.428,-0.488,-0.572,-0.128,10.292,-14.844,0.34,-19.468,-0.04,-0.2,-0.224,-20.48,0,0,/base,/head_1,1.25107642652,0.0109320427726,0.513481889328,0.27946189726,0.593740821015,0.575853243865,0.487612476225,0,0,/base,/neck_1,1.29518087515,-0.0237393865446,0.329892005625,0.27946189726,0.593740821015,0.575853243865,0.487612476225,0,0,/base,/torso_1,1.33962250723,-0.0637973971285,0.154270353789,0.285315286284,0.595474481572,0.565904196669,0.49371830977,0,0,/base,/left_shoulder_1,1.25627657477,0.0827559562309,0.298310185356,-0.0522309678902,0.78711326572,0.458909896702,0.408810884921,0,0,/base,/left_elbow_1,1.10382712593,0.150402422361,0.13865527852,-0.137541850198,0.864525985442,0.440264491123,0.199610214658,0,0,/base,/left_hand_1,0.89213704368,0.135516688947,0.0268112476435,-0.507826260114,0.52037540413,-0.464935591907,0.505130501646,0,0,/base,/right_shoulder_1,1.34204895329,-0.137670145991,0.363329125483,0.415420531217,-0.251994320702,0.735227618919,0.472615057902,0,0,/base,/right_elbow_1,1.39614252826,-0.263881963238,0.142649774383,0.581504709565,-0.313123517894,0.597825353394,0.454324533934,0,0,/base,/right_hand_1,1.37471113446,-0.306940474862,-0.0929775019312,-0.507826260114,0.52037540413,-0.464935591907,0.505130501646,0,0,/base,/left_hip_1,1.34994363257,-0.0226847639802,-0.045125182619,0.520375403701,0.507826260818,0.505130502553,0.464935590633,0,0,/base,/left_knee_1,1.32820688358,-0.00350535152455,-0.413569320969,0.520352164081,0.507853647808,0.505170033104,0.464888734428,0,0,/base,/left_foot_1,1.30730062867,0.0149475858276,-0.767841621657,-0.507826260114,0.52037540413,-0.464935591907,0.505130501646,0,0,/base,/right_hip_1,1.41022093099,-0.177590668057,0.000567296810883,0.199218275685,0.735539000168,0.640138577142,0.0975554197363,0,0,/base,/right_knee_1,1.34806906845,-0.214944150273,-0.361832046939,-0.228135807405,0.639669150457,0.68840562981,-0.254705948457,0,0,/base,/right_foot_1,1.3271666253,-0.196501787157,-0.71610512295,-0.507826260114,0.52037540413,-0.464935591907,0.505130501646,0,0,/base,left_hand,0.781341941409,0.263550308693,0.169835026728,0.0590278992473,0.983394653835,-0.106661431942,0.134439580686,0,0,/base,right_hand,0.622829378483,-0.524198062539,0.317160773709,-0.0747768066629,0.99576413689,-0.0244933187334,0.0475635386234
1522314866501224079,19092,1522314866494961977,,205562,1522314866493834018,0,189,71,347,97,196,462,188,489,206089,1522314866486248016,base,-2279.0,9525.0,-8383.0,10112.0,0.0,0.0,0.0,0.0,0.0,0.0,0.0,0.0,0.0,1200.0,837.0,145.0,0.0,0.0,0.0,0.0,0.0,0.0,0.0,0.0,0.0,-1488.0,-1467.0,566.0,0.0,0.0,0.0,0.0,0.0,0.0,0.0,0.0,0.0,0,0,,0.0,0.0,0.0,0.0,0.0,0.0,0.0,0.0,0.0,0.0,0.0,0.0,0.0,0.0,0.0,0.0,0.0,0.0,0.0,963940,1522314866430496878,,head_nod,head_pan,left_e0,left_e1,left_s0,left_s1,left_w0,left_w1,left_w2,right_e0,right_e1,right_s0,right_s1,right_w0,right_w1,right_w2,torso_t0,0.0,-0.101626227197,-0.779262240246,1.42736912313,-0.222043719046,-0.639286493351,0.523087448669,0.761237965988,-0.121184482243,0.906966140837,1.60070895216,-0.28493693135,-1.03160207985,-0.481286472199,1.12402442232,-0.207854396758,-12.5659871192,0.0,0.00510508806113,0.537212343663,-0.217162592139,-0.672300827742,0.480270976827,0.172394896833,-0.325154839586,0.0808960108148,-0.00235619448975,-0.00117809724488,-0.00706858346925,-0.00903207887738,-0.000392699081625,-0.00903207887738,0.0247400421424,0.0,0.0,0.0,-12.92,-10.156,-0.248,-19.56,-0.444,-0.58,-0.016,10.324,-14.812,0.28,-19.496,-0.032,-0.2,-0.232,-20.48,0,0,/base,/head_1,1.25107642652,0.0109320427726,0.513481889328,0.27946189726,0.593740821015,0.575853243865,0.487612476225,0,0,/base,/neck_1,1.29518087515,-0.0237393865446,0.329892005625,0.27946189726,0.593740821015,0.575853243865,0.487612476225,0,0,/base,/torso_1,1.33707537118,-0.0611783761106,0.153897088404,0.276378443975,0.599669729225,0.567714292484,0.49164179406,0,0,/base,/left_shoulder_1,1.25056099658,0.0853835976441,0.296061818295,-0.0591838256102,0.786036414535,0.458899928447,0.409944978603,0,0,/base,/left_elbow_1,1.0984828326,0.15094984633,0.134283795327,-0.110405361617,0.860452365205,0.449393302966,0.213255814902,0,0,/base,/left_hand_1,0.885915248921,0.151352168907,0.0222594236073,-0.507826260114,0.52037540413,-0.464935591907,0.505130501646,0,0,/base,/right_shoulder_1,1.33980069272,-0.132862368705,0.36372219666,0.410037306077,-0.24398423819,0.74343494721,0.468663609007,0,0,/base,/right_elbow_1,1.39792588785,-0.261507325738,0.146610864092,0.579724719408,-0.30769640332,0.605841399825,0.449664732161,0,0,/base,/right_hand_1,1.37948302947,-0.30681876927,-0.0892691032204,-0.507826260114,0.52037540413,-0.464935591907,0.505130501646,0,0,/base,/left_hip_1,1.34764864669,-0.0220178320668,-0.045845141548,0.520375403787,0.507826260677,0.505130502372,0.464935590887,0,0,/base,/left_knee_1,1.32591189769,-0.00283841961118,-0.414289279898,0.520354488204,0.507850909153,0.505166080073,0.464893420282,0,0,/base,/left_foot_1,1.30500628153,0.0156134007716,-0.768561676413,-0.507826260114,0.52037540413,-0.464935591907,0.505130501646,0,0,/base,/right_hip_1,1.41029108771,-0.175216899286,0.00164948391327,0.194324140941,0.739686217392,0.637725742951,0.0916968092428,0,0,/base,/right_knee_1,1.34726869644,-0.216273107169,-0.360198516267,-0.230854465005,0.63865857942,0.687498394427,-0.257230232633,0,0,/base,/right_foot_1,1.32636723659,-0.197831050678,-0.714471666249,-0.507826260114,0.52037540413,-0.464935591907,0.505130501646,0,0,/base,left_hand,0.781341941409,0.263550308693,0.169835026728,0.0590278992473,0.983394653835,-0.106661431942,0.134439580686,0,0,/base,right_hand,0.622829378483,-0.524198062539,0.317160773709,-0.0747768066629,0.99576413689,-0.0244933187334,0.0475635386234
1522314866541177016,19254,1522314866502957105,,205562,1522314866493834018,0,189,71,347,97,196,462,188,489,206089,1522314866486248016,base,-2279.0,9525.0,-8383.0,10112.0,0.0,0.0,0.0,0.0,0.0,0.0,0.0,0.0,0.0,1200.0,837.0,145.0,0.0,0.0,0.0,0.0,0.0,0.0,0.0,0.0,0.0,-1488.0,-1467.0,566.0,0.0,0.0,0.0,0.0,0.0,0.0,0.0,0.0,0.0,0,0,,0.0,0.0,0.0,0.0,0.0,0.0,0.0,0.0,0.0,0.0,0.0,0.0,0.0,0.0,0.0,0.0,0.0,0.0,0.0,963939,1522314866420452323,,head_nod,head_pan,left_e0,left_e1,left_s0,left_s1,left_w0,left_w1,left_w2,right_e0,right_e1,right_s0,right_s1,right_w0,right_w1,right_w2,torso_t0,0.0,-0.101242732,-0.784631173003,1.42890310392,-0.215907795895,-0.644271930912,0.521553467881,0.764689422761,-0.121184482243,0.906966140837,1.60032545696,-0.284169940956,-1.03121858466,-0.482053462593,1.12325743193,-0.207854396758,-12.5659871192,0.0,0.00274889357138,0.530929158357,-0.197527638057,-0.659341758048,0.490873852031,0.129983396018,-0.408799743972,0.102887159386,0.0196349540813,0.0047123889795,-0.012566370612,0.0,0.0133517687753,-0.00981747704063,0.0192422549996,0.0,0.0,0.0,-12.856,-10.124,-0.184,-19.56,-0.436,-0.588,-0.056,10.292,-14.784,0.248,-19.408,-0.032,-0.22,-0.204,-20.48,0,0,/base,/head_1,1.25107642652,0.0109320427726,0.513481889328,0.27946189726,0.593740821015,0.575853243865,0.487612476225,0,0,/base,/neck_1,1.29518087515,-0.0237393865446,0.329892005625,0.27946189726,0.593740821015,0.575853243865,0.487612476225,0,0,/base,/torso_1,1.33707537118,-0.0611783761106,0.153897088404,0.276378443975,0.599669729225,0.567714292484,0.49164179406,0,0,/base,/left_shoulder_1,1.25056099658,0.0853835976441,0.296061818295,-0.0591838256102,0.786036414535,0.458899928447,0.409944978603,0,0,/base,/left_elbow_1,1.0984828326,0.15094984633,0.134283795327,-0.110405361617,0.860452365205,0.449393302966,0.213255814902,0,0,/base,/left_hand_1,0.885915248921,0.151352168907,0.0222594236073,-0.507826260114,0.52037540413,-0.464935591907,0.505130501646,0,0,/base,/right_shoulder_1,1.33980069272,-0.132862368705,0.36372219666,0.410037306077,-0.24398423819,0.74343494721,0.468663609007,0,0,/base,/right_elbow_1,1.39792588785,-0.261507325738,0.146610864092,0.579724719408,-0.30769640332,0.605841399825,0.449664732161,0,0,/base,/right_hand_1,1.37948302947,-0.30681876927,-0.0892691032204,-0.507826260114,0.52037540413,-0.464935591907,0.505130501646,0,0,/base,/left_hip_1,1.34764864669,-0.0220178320668,-0.045845141548,0.520375403787,0.507826260677,0.505130502372,0.464935590887,0,0,/base,/left_knee_1,1.32591189769,-0.00283841961118,-0.414289279898,0.520354488204,0.507850909153,0.505166080073,0.464893420282,0,0,/base,/left_foot_1,1.30500628153,0.0156134007716,-0.768561676413,-0.507826260114,0.52037540413,-0.464935591907,0.505130501646,0,0,/base,/right_hip_1,1.41029108771,-0.175216899286,0.00164948391327,0.194324140941,0.739686217392,0.637725742951,0.0916968092428,0,0,/base,/right_knee_1,1.34726869644,-0.216273107169,-0.360198516267,-0.230854465005,0.63865857942,0.687498394427,-0.257230232633,0,0,/base,/right_foot_1,1.32636723659,-0.197831050678,-0.714471666249,-0.507826260114,0.52037540413,-0.464935591907,0.505130501646,0,0,/base,left_hand,0.781341941409,0.263550308693,0.169835026728,0.0590278992473,0.983394653835,-0.106661431942,0.134439580686,0,0,/base,right_hand,0.622829378483,-0.524198062539,0.317160773709,-0.0747768066629,0.99576413689,-0.0244933187334,0.0475635386234
1522314866541212529,19255,1522314866522608041,,205562,1522314866493834018,0,189,71,347,97,196,462,188,489,206090,1522314866508821010,base,-2049.0,9516.0,-8480.0,10088.0,0.0,0.0,0.0,0.0,0.0,0.0,0.0,0.0,0.0,1076.0,763.0,202.0,0.0,0.0,0.0,0.0,0.0,0.0,0.0,0.0,0.0,-1408.0,-1399.0,637.0,0.0,0.0,0.0,0.0,0.0,0.0,0.0,0.0,0.0,0,0,,0.0,0.0,0.0,0.0,0.0,0.0,0.0,0.0,0.0,0.0,0.0,0.0,0.0,0.0,0.0,0.0,0.0,0.0,0.0,963943,1522314866460455452,,head_nod,head_pan,left_e0,left_e1,left_s0,left_s1,left_w0,left_w1,left_w2,right_e0,right_e1,right_s0,right_s1,right_w0,right_w1,right_w2,torso_t0,0.0,-0.100859236803,-0.764305927564,1.41969921919,-0.242368964486,-0.625864161457,0.52922337182,0.758170004412,-0.119650501455,0.907349636034,1.60070895216,-0.284553436153,-1.03160207985,-0.482053462593,1.12364092713,-0.208237891955,-12.5659871192,0.0,0.00706858346925,0.514435796929,-0.266249977342,-0.665232244273,0.469275402542,0.223445777445,-0.154330739079,0.0553705705091,0.0215984494894,0.0109955742855,-0.0133517687753,-0.0149225651018,0.00117809724488,-0.00903207887738,-0.00903207887738,0.0,0.0,0.0,-12.92,-10.124,-0.34,-19.524,-0.42,-0.572,0.044,10.26,-14.812,0.308,-19.468,-0.024,-0.168,-0.24,-20.48,0,0,/base,/head_1,1.24540147449,0.0159070182304,0.511476682204,0.270016813914,0.598108726557,0.57645667339,0.486882506488,0,0,/base,/neck_1,1.2912137591,-0.0205347881975,0.328402420806,0.270016813914,0.598108726557,0.57645667339,0.486882506488,0,0,/base,/torso_1,1.33487964055,-0.0595381647143,0.153181109403,0.266739896932,0.603686307887,0.568594718265,0.491032295696,0,0,/base,/left_shoulder_1,1.24516314728,0.0874538373553,0.292893634685,-0.0604686417127,0.784386273187,0.460162250585,0.411500207705,0,0,/base,/left_elbow_1,1.09359942795,0.153234003722,0.130396655178,-0.0923345917234,0.856163515226,0.457524142224,0.22165292159,0,0,/base,/left_hand_1,0.880617042933,0.163999084181,0.0186840857398,-0.507826260114,0.52037540413,-0.464935591907,0.505130501646,0,0,/base,/right_shoulder_1,1.33726437083,-0.128523409942,0.363911207131,0.409768963617,-0.241769084286,0.749415301871,0.460449575591,0,0,/base,/right_elbow_1,1.39913012255,-0.255267572699,0.148336771261,0.571285611036,-0.298648342816,0.620829720035,0.446108032518,0,0,/base,/right_hand_1,1.38693651707,-0.306360272454,-0.0860746269219,-0.507826260114,0.52037540413,-0.464935591907,0.505130501646,0,0,/base,/left_hip_1,1.34649600127,-0.0233855003935,-0.0467529767194,0.520375403855,0.507826260565,0.505130502227,0.464935591091,0,0,/base,/left_knee_1,1.32475925228,-0.00420608793791,-0.415197115069,0.520356579893,0.507848444342,0.505162522322,0.464897637532,0,0,/base,/left_foot_1,1.30385402824,0.0142447225956,-0.769469587286,-0.507826260114,0.52037540413,-0.464935591907,0.505130501646,0,0,/base,/right_hip_1,1.41059504311,-0.1736975973,0.00267257190455,0.188008909845,0.74365082073,0.635463829783,0.0884410972573,0,0,/base,/right_knee_1,1.3487920341,-0.218667226589,-0.358920438944,-0.23329043752,0.637743008184,0.686675437136,-0.259492333814,0,0,/base,/right_foot_1,1.32789094447,-0.200225342203,-0.713193619728,-0.507826260114,0.52037540413,-0.464935591907,0.505130501646,0,0,/base,left_hand,0.782144284772,0.258874772812,0.159791876319,0.0639931639544,0.983707632901,-0.104355268608,0.131659203454,0,0,/base,right_hand,0.622613903556,-0.524113091478,0.31664499166,-0.0743732972457,0.995837647752,-0.0239019112854,0.0469541330722
1522314866541216543,19093,1522314866519021987,,205563,1522314866516324043,0,211,68,409,90,208,450,188,445,206090,1522314866508821010,base,-2049.0,9516.0,-8480.0,10088.0,0.0,0.0,0.0,0.0,0.0,0.0,0.0,0.0,0.0,1076.0,763.0,202.0,0.0,0.0,0.0,0.0,0.0,0.0,0.0,0.0,0.0,-1408.0,-1399.0,637.0,0.0,0.0,0.0,0.0,0.0,0.0,0.0,0.0,0.0,0,0,,0.0,0.0,0.0,0.0,0.0,0.0,0.0,0.0,0.0,0.0,0.0,0.0,0.0,0.0,0.0,0.0,0.0,0.0,0.0,963941,1522314866440459831,,head_nod,head_pan,left_e0,left_e1,left_s0,left_s1,left_w0,left_w1,left_w2,right_e0,right_e1,right_s0,right_s1,right_w0,right_w1,right_w2,torso_t0,0.0,-0.101242732,-0.775043793079,1.42506815195,-0.229330127789,-0.635068046185,0.525004924654,0.760087480397,-0.120033996652,0.907349636034,1.60032545696,-0.28493693135,-1.03083508946,-0.48243695779,1.12402442232,-0.207854396758,-12.5659871192,0.0,0.00392699081625,0.530536459275,-0.233263254485,-0.629496627845,0.468097305297,0.184175869282,-0.281565241525,0.0589048622438,0.003141592653,0.0200276531629,0.0133517687753,0.00824668071413,-0.003141592653,0.0,-0.00667588438763,0.0,0.0,0.0,-12.92,-10.124,-0.216,-19.592,-0.444,-0.58,0.0,10.356,-14.784,0.404,-19.408,-0.032,-0.188,-0.232,-20.48,0,0,/base,/head_1,1.24540147449,0.0159070182304,0.511476682204,0.270016813914,0.598108726557,0.57645667339,0.486882506488,0,0,/base,/neck_1,1.2912137591,-0.0205347881975,0.328402420806,0.270016813914,0.598108726557,0.57645667339,0.486882506488,0,0,/base,/torso_1,1.33487964055,-0.0595381647143,0.153181109403,0.266739896932,0.603686307887,0.568594718265,0.491032295696,0,0,/base,/left_shoulder_1,1.24516314728,0.0874538373553,0.292893634685,-0.0604686417127,0.784386273187,0.460162250585,0.411500207705,0,0,/base,/left_elbow_1,1.09359942795,0.153234003722,0.130396655178,-0.0923345917234,0.856163515226,0.457524142224,0.22165292159,0,0,/base,/left_hand_1,0.880617042933,0.163999084181,0.0186840857398,-0.507826260114,0.52037540413,-0.464935591907,0.505130501646,0,0,/base,/right_shoulder_1,1.33726437083,-0.128523409942,0.363911207131,0.409768963617,-0.241769084286,0.749415301871,0.460449575591,0,0,/base,/right_elbow_1,1.39913012255,-0.255267572699,0.148336771261,0.571285611036,-0.298648342816,0.620829720035,0.446108032518,0,0,/base,/right_hand_1,1.38693651707,-0.306360272454,-0.0860746269219,-0.507826260114,0.52037540413,-0.464935591907,0.505130501646,0,0,/base,/left_hip_1,1.34649600127,-0.0233855003935,-0.0467529767194,0.520375403855,0.507826260565,0.505130502227,0.464935591091,0,0,/base,/left_knee_1,1.32475925228,-0.00420608793791,-0.415197115069,0.520356579893,0.507848444342,0.505162522322,0.464897637532,0,0,/base,/left_foot_1,1.30385402824,0.0142447225956,-0.769469587286,-0.507826260114,0.52037540413,-0.464935591907,0.505130501646,0,0,/base,/right_hip_1,1.41059504311,-0.1736975973,0.00267257190455,0.188008909845,0.74365082073,0.635463829783,0.0884410972573,0,0,/base,/right_knee_1,1.3487920341,-0.218667226589,-0.358920438944,-0.23329043752,0.637743008184,0.686675437136,-0.259492333814,0,0,/base,/right_foot_1,1.32789094447,-0.200225342203,-0.713193619728,-0.507826260114,0.52037540413,-0.464935591907,0.505130501646,0,0,/base,left_hand,0.782144284772,0.258874772812,0.159791876319,0.0639931639544,0.983707632901,-0.104355268608,0.131659203454,0,0,/base,right_hand,0.622613903556,-0.524113091478,0.31664499166,-0.0743732972457,0.995837647752,-0.0239019112854,0.0469541330722
1522314866541219766,19094,1522314866538908958,,205564,1522314866538762092,0,197,60,352,96,200,429,146,447,206091,1522314866524061918,base,-1848.0,9511.0,-8562.0,10062.0,0.0,0.0,0.0,0.0,0.0,0.0,0.0,0.0,0.0,914.0,692.0,172.0,0.0,0.0,0.0,0.0,0.0,0.0,0.0,0.0,0.0,-1400.0,-1386.0,660.0,0.0,0.0,0.0,0.0,0.0,0.0,0.0,0.0,0.0,0,0,,0.0,0.0,0.0,0.0,0.0,0.0,0.0,0.0,0.0,0.0,0.0,0.0,0.0,0.0,0.0,0.0,0.0,0.0,0.0,963944,1522314866470499600,,head_nod,head_pan,left_e0,left_e1,left_s0,left_s1,left_w0,left_w1,left_w2,right_e0,right_e1,right_s0,right_s1,right_w0,right_w1,right_w2,torso_t0,0.0,-0.101626227197,-0.7597039852,1.41624776242,-0.24697090685,-0.622029209488,0.531524343002,0.756636023624,-0.119650501455,0.90658264564,1.60070895216,-0.284553436153,-1.03198557505,-0.482053462593,1.12364092713,-0.207470901562,-12.5659871192,0.0,-0.00549778714275,0.50029862999,-0.269784269076,-0.660519855293,0.457494430093,0.238761041628,-0.0922842841819,0.0443749962236,-0.0149225651018,-0.00274889357138,-0.0047123889795,0.00863937979575,-0.00117809724488,-0.009424777959,-0.0133517687753,0.0,0.0,0.0,-12.952,-10.06,-0.308,-19.592,-0.436,-0.54,0.036,10.168,-14.812,0.372,-19.408,-0.008,-0.22,-0.224,-20.48,0,0,/base,/head_1,1.24540147449,0.0159070182304,0.511476682204,0.270016813914,0.598108726557,0.57645667339,0.486882506488,0,0,/base,/neck_1,1.2912137591,-0.0205347881975,0.328402420806,0.270016813914,0.598108726557,0.57645667339,0.486882506488,0,0,/base,/torso_1,1.33487964055,-0.0595381647143,0.153181109403,0.266739896932,0.603686307887,0.568594718265,0.491032295696,0,0,/base,/left_shoulder_1,1.24516314728,0.0874538373553,0.292893634685,-0.0604686417127,0.784386273187,0.460162250585,0.411500207705,0,0,/base,/left_elbow_1,1.09359942795,0.153234003722,0.130396655178,-0.0923345917234,0.856163515226,0.457524142224,0.22165292159,0,0,/base,/left_hand_1,0.880617042933,0.163999084181,0.0186840857398,-0.507826260114,0.52037540413,-0.464935591907,0.505130501646,0,0,/base,/right_shoulder_1,1.33726437083,-0.128523409942,0.363911207131,0.409768963617,-0.241769084286,0.749415301871,0.460449575591,0,0,/base,/right_elbow_1,1.39913012255,-0.255267572699,0.148336771261,0.571285611036,-0.298648342816,0.620829720035,0.446108032518,0,0,/base,/right_hand_1,1.38693651707,-0.306360272454,-0.0860746269219,-0.507826260114,0.52037540413,-0.464935591907,0.505130501646,0,0,/base,/left_hip_1,1.34649600127,-0.0233855003935,-0.0467529767194,0.520375403855,0.507826260565,0.505130502227,0.464935591091,0,0,/base,/left_knee_1,1.32475925228,-0.00420608793791,-0.415197115069,0.520356579893,0.507848444342,0.505162522322,0.464897637532,0,0,/base,/left_foot_1,1.30385402824,0.0142447225956,-0.769469587286,-0.507826260114,0.52037540413,-0.464935591907,0.505130501646,0,0,/base,/right_hip_1,1.41059504311,-0.1736975973,0.00267257190455,0.188008909845,0.74365082073,0.635463829783,0.0884410972573,0,0,/base,/right_knee_1,1.3487920341,-0.218667226589,-0.358920438944,-0.23329043752,0.637743008184,0.686675437136,-0.259492333814,0,0,/base,/right_foot_1,1.32789094447,-0.200225342203,-0.713193619728,-0.507826260114,0.52037540413,-0.464935591907,0.505130501646,0,0,/base,left_hand,0.783160359954,0.255750970817,0.15071500873,0.0676029653567,0.984243694499,-0.100745716073,0.128625384769,0,0,/base,right_hand,0.622569465638,-0.524168775526,0.316877803866,-0.0740785962045,0.995844779118,-0.0242968986882,0.0470658921347
1522314866582105042,19256,1522314866542464971,,205564,1522314866538762092,0,197,60,352,96,200,429,146,447,206091,1522314866524061918,base,-1848.0,9511.0,-8562.0,10062.0,0.0,0.0,0.0,0.0,0.0,0.0,0.0,0.0,0.0,914.0,692.0,172.0,0.0,0.0,0.0,0.0,0.0,0.0,0.0,0.0,0.0,-1400.0,-1386.0,660.0,0.0,0.0,0.0,0.0,0.0,0.0,0.0,0.0,0.0,0,0,,0.0,0.0,0.0,0.0,0.0,0.0,0.0,0.0,0.0,0.0,0.0,0.0,0.0,0.0,0.0,0.0,0.0,0.0,0.0,963944,1522314866470499600,,head_nod,head_pan,left_e0,left_e1,left_s0,left_s1,left_w0,left_w1,left_w2,right_e0,right_e1,right_s0,right_s1,right_w0,right_w1,right_w2,torso_t0,0.0,-0.101626227197,-0.7597039852,1.41624776242,-0.24697090685,-0.622029209488,0.531524343002,0.756636023624,-0.119650501455,0.90658264564,1.60070895216,-0.284553436153,-1.03198557505,-0.482053462593,1.12364092713,-0.207470901562,-12.5659871192,0.0,-0.00549778714275,0.50029862999,-0.269784269076,-0.660519855293,0.457494430093,0.238761041628,-0.0922842841819,0.0443749962236,-0.0149225651018,-0.00274889357138,-0.0047123889795,0.00863937979575,-0.00117809724488,-0.009424777959,-0.0133517687753,0.0,0.0,0.0,-12.952,-10.06,-0.308,-19.592,-0.436,-0.54,0.036,10.168,-14.812,0.372,-19.408,-0.008,-0.22,-0.224,-20.48,0,0,/base,/head_1,1.24540147449,0.0159070182304,0.511476682204,0.270016813914,0.598108726557,0.57645667339,0.486882506488,0,0,/base,/neck_1,1.2912137591,-0.0205347881975,0.328402420806,0.270016813914,0.598108726557,0.57645667339,0.486882506488,0,0,/base,/torso_1,1.33487964055,-0.0595381647143,0.153181109403,0.266739896932,0.603686307887,0.568594718265,0.491032295696,0,0,/base,/left_shoulder_1,1.24516314728,0.0874538373553,0.292893634685,-0.0604686417127,0.784386273187,0.460162250585,0.411500207705,0,0,/base,/left_elbow_1,1.09359942795,0.153234003722,0.130396655178,-0.0923345917234,0.856163515226,0.457524142224,0.22165292159,0,0,/base,/left_hand_1,0.880617042933,0.163999084181,0.0186840857398,-0.507826260114,0.52037540413,-0.464935591907,0.505130501646,0,0,/base,/right_shoulder_1,1.33726437083,-0.128523409942,0.363911207131,0.409768963617,-0.241769084286,0.749415301871,0.460449575591,0,0,/base,/right_elbow_1,1.39913012255,-0.255267572699,0.148336771261,0.571285611036,-0.298648342816,0.620829720035,0.446108032518,0,0,/base,/right_hand_1,1.38693651707,-0.306360272454,-0.0860746269219,-0.507826260114,0.52037540413,-0.464935591907,0.505130501646,0,0,/base,/left_hip_1,1.34649600127,-0.0233855003935,-0.0467529767194,0.520375403855,0.507826260565,0.505130502227,0.464935591091,0,0,/base,/left_knee_1,1.32475925228,-0.00420608793791,-0.415197115069,0.520356579893,0.507848444342,0.505162522322,0.464897637532,0,0,/base,/left_foot_1,1.30385402824,0.0142447225956,-0.769469587286,-0.507826260114,0.52037540413,-0.464935591907,0.505130501646,0,0,/base,/right_hip_1,1.41059504311,-0.1736975973,0.00267257190455,0.188008909845,0.74365082073,0.635463829783,0.0884410972573,0,0,/base,/right_knee_1,1.3487920341,-0.218667226589,-0.358920438944,-0.23329043752,0.637743008184,0.686675437136,-0.259492333814,0,0,/base,/right_foot_1,1.32789094447,-0.200225342203,-0.713193619728,-0.507826260114,0.52037540413,-0.464935591907,0.505130501646,0,0,/base,left_hand,0.783160359954,0.255750970817,0.15071500873,0.0676029653567,0.984243694499,-0.100745716073,0.128625384769,0,0,/base,right_hand,0.622569465638,-0.524168775526,0.316877803866,-0.0740785962045,0.995844779118,-0.0242968986882,0.0470658921347
1522314866582111516,19257,1522314866562515020,,205565,1522314866555454015,0,198,62,340,95,203,419,143,378,206092,1522314866554621934,base,-1665.0,9513.0,-8633.0,10032.0,0.0,0.0,0.0,0.0,0.0,0.0,0.0,0.0,0.0,796.0,648.0,109.0,0.0,0.0,0.0,0.0,0.0,0.0,0.0,0.0,0.0,-1528.0,-1399.0,670.0,0.0,0.0,0.0,0.0,0.0,0.0,0.0,0.0,0.0,0,0,,0.0,0.0,0.0,0.0,0.0,0.0,0.0,0.0,0.0,0.0,0.0,0.0,0.0,0.0,0.0,0.0,0.0,0.0,0.0,963946,1522314866490498957,,head_nod,head_pan,left_e0,left_e1,left_s0,left_s1,left_w0,left_w1,left_w2,right_e0,right_e1,right_s0,right_s1,right_w0,right_w1,right_w2,torso_t0,0.0,-0.101626227197,-0.75088359567,1.41087882966,-0.25962624835,-0.613975810351,0.537276770957,0.757019518821,-0.119650501455,0.906966140837,1.60070895216,-0.285320426547,-1.03083508946,-0.482053462593,1.12364092713,-0.207470901562,-12.5659871192,0.0,-0.00117809724488,0.493622745603,-0.331438024892,-0.655414767232,0.420973415502,0.279601746117,0.0267035375505,0.0078539816325,0.0106028752039,-0.00117809724488,-0.00353429173463,-0.00706858346925,0.0137444678569,0.0102101761223,-0.00510508806113,0.0,0.0,0.0,-12.984,-9.964,-0.248,-19.56,-0.436,-0.58,0.072,10.292,-14.812,0.372,-19.408,-0.016,-0.208,-0.224,-20.48,0,0,/base,/head_1,1.23898878506,0.0204477594033,0.510296752526,0.260838196638,0.599995560237,0.579558550003,0.485881312657,0,0,/base,/neck_1,1.28720240979,-0.016582905533,0.3274425057,0.260838196638,0.599995560237,0.579558550003,0.485881312657,0,0,/base,/torso_1,1.33304621936,-0.0570395569351,0.153114058515,0.256696381699,0.606834497634,0.569755680942,0.491159163752,0,0,/base,/left_shoulder_1,1.23989242506,0.0902749334305,0.290207720544,-0.0656973813894,0.783892496467,0.46036214928,0.411415969028,0,0,/base,/left_elbow_1,1.08794851811,0.154465592274,0.126007733405,-0.0724676168594,0.849153810025,0.46686496336,0.236057953506,0,0,/base,/left_hand_1,0.876464839723,0.177911014755,0.013151225846,-0.507826260114,0.52037540413,-0.464935591907,0.505130501646,0,0,/base,/right_shoulder_1,1.3345123337,-0.123440750084,0.364677294152,0.405035812073,-0.23789588817,0.757389478846,0.453555635687,0,0,/base,/right_elbow_1,1.40136247155,-0.250311641601,0.151823274268,0.565916717114,-0.291679354232,0.633320375377,0.439962186715,0,0,/base,/right_hand_1,1.39470135899,-0.305018198095,-0.0826346291204,-0.507826260114,0.52037540413,-0.464935591907,0.505130501646,0,0,/base,/left_hip_1,1.34589972108,-0.0229818238683,-0.0471790447942,0.52037540391,0.507826260474,0.505130502111,0.464935591254,0,0,/base,/left_knee_1,1.32416297209,-0.00380241141264,-0.415623183144,0.520358462396,0.507846225994,0.505159320329,0.46490143304,0,0,/base,/left_foot_1,1.3032582594,0.0146474918368,-0.769895732758,-0.507826260114,0.52037540413,-0.464935591907,0.505130501646,0,0,/base,/right_hip_1,1.41188033638,-0.172010577575,0.00475026827045,0.180857728255,0.744124851285,0.637369332413,0.0856097069785,0,0,/base,/right_knee_1,1.35273541242,-0.217137222735,-0.357267520373,-0.235763076194,0.636804033051,0.685830354674,-0.261788311432,0,0,/base,/right_foot_1,1.3318344498,-0.198695398884,-0.711540650577,-0.507826260114,0.52037540413,-0.464935591907,0.505130501646,0,0,/base,left_hand,0.783160359954,0.255750970817,0.15071500873,0.0676029653567,0.984243694499,-0.100745716073,0.128625384769,0,0,/base,right_hand,0.622569465638,-0.524168775526,0.316877803866,-0.0740785962045,0.995844779118,-0.0242968986882,0.0470658921347
1522314866582119278,19095,1522314866555565118,,205565,1522314866555454015,0,198,62,340,95,203,419,143,378,206092,1522314866554621934,base,-1665.0,9513.0,-8633.0,10032.0,0.0,0.0,0.0,0.0,0.0,0.0,0.0,0.0,0.0,796.0,648.0,109.0,0.0,0.0,0.0,0.0,0.0,0.0,0.0,0.0,0.0,-1528.0,-1399.0,670.0,0.0,0.0,0.0,0.0,0.0,0.0,0.0,0.0,0.0,0,0,,0.0,0.0,0.0,0.0,0.0,0.0,0.0,0.0,0.0,0.0,0.0,0.0,0.0,0.0,0.0,0.0,0.0,0.0,0.0,963946,1522314866490498957,,head_nod,head_pan,left_e0,left_e1,left_s0,left_s1,left_w0,left_w1,left_w2,right_e0,right_e1,right_s0,right_s1,right_w0,right_w1,right_w2,torso_t0,0.0,-0.101626227197,-0.75088359567,1.41087882966,-0.25962624835,-0.613975810351,0.537276770957,0.757019518821,-0.119650501455,0.906966140837,1.60070895216,-0.285320426547,-1.03083508946,-0.482053462593,1.12364092713,-0.207470901562,-12.5659871192,0.0,-0.00117809724488,0.493622745603,-0.331438024892,-0.655414767232,0.420973415502,0.279601746117,0.0267035375505,0.0078539816325,0.0106028752039,-0.00117809724488,-0.00353429173463,-0.00706858346925,0.0137444678569,0.0102101761223,-0.00510508806113,0.0,0.0,0.0,-12.984,-9.964,-0.248,-19.56,-0.436,-0.58,0.072,10.292,-14.812,0.372,-19.408,-0.016,-0.208,-0.224,-20.48,0,0,/base,/head_1,1.23898878506,0.0204477594033,0.510296752526,0.260838196638,0.599995560237,0.579558550003,0.485881312657,0,0,/base,/neck_1,1.28720240979,-0.016582905533,0.3274425057,0.260838196638,0.599995560237,0.579558550003,0.485881312657,0,0,/base,/torso_1,1.33304621936,-0.0570395569351,0.153114058515,0.256696381699,0.606834497634,0.569755680942,0.491159163752,0,0,/base,/left_shoulder_1,1.23989242506,0.0902749334305,0.290207720544,-0.0656973813894,0.783892496467,0.46036214928,0.411415969028,0,0,/base,/left_elbow_1,1.08794851811,0.154465592274,0.126007733405,-0.0724676168594,0.849153810025,0.46686496336,0.236057953506,0,0,/base,/left_hand_1,0.876464839723,0.177911014755,0.013151225846,-0.507826260114,0.52037540413,-0.464935591907,0.505130501646,0,0,/base,/right_shoulder_1,1.3345123337,-0.123440750084,0.364677294152,0.405035812073,-0.23789588817,0.757389478846,0.453555635687,0,0,/base,/right_elbow_1,1.40136247155,-0.250311641601,0.151823274268,0.565916717114,-0.291679354232,0.633320375377,0.439962186715,0,0,/base,/right_hand_1,1.39470135899,-0.305018198095,-0.0826346291204,-0.507826260114,0.52037540413,-0.464935591907,0.505130501646,0,0,/base,/left_hip_1,1.34589972108,-0.0229818238683,-0.0471790447942,0.52037540391,0.507826260474,0.505130502111,0.464935591254,0,0,/base,/left_knee_1,1.32416297209,-0.00380241141264,-0.415623183144,0.520358462396,0.507846225994,0.505159320329,0.46490143304,0,0,/base,/left_foot_1,1.3032582594,0.0146474918368,-0.769895732758,-0.507826260114,0.52037540413,-0.464935591907,0.505130501646,0,0,/base,/right_hip_1,1.41188033638,-0.172010577575,0.00475026827045,0.180857728255,0.744124851285,0.637369332413,0.0856097069785,0,0,/base,/right_knee_1,1.35273541242,-0.217137222735,-0.357267520373,-0.235763076194,0.636804033051,0.685830354674,-0.261788311432,0,0,/base,/right_foot_1,1.3318344498,-0.198695398884,-0.711540650577,-0.507826260114,0.52037540413,-0.464935591907,0.505130501646,0,0,/base,left_hand,0.783160359954,0.255750970817,0.15071500873,0.0676029653567,0.984243694499,-0.100745716073,0.128625384769,0,0,/base,right_hand,0.622569465638,-0.524168775526,0.316877803866,-0.0740785962045,0.995844779118,-0.0242968986882,0.0470658921347
1522314866582123059,19096,1522314866580435991,,205566,1522314866578253984,0,187,57,341,92,187,421,137,387,206093,1522314866577475070,base,-1488.0,9514.0,-8698.0,10002.0,0.0,0.0,0.0,0.0,0.0,0.0,0.0,0.0,0.0,774.0,619.0,125.0,0.0,0.0,0.0,0.0,0.0,0.0,0.0,0.0,0.0,-1582.0,-1470.0,672.0,0.0,0.0,0.0,0.0,0.0,0.0,0.0,0.0,0.0,0,0,,0.0,0.0,0.0,0.0,0.0,0.0,0.0,0.0,0.0,0.0,0.0,0.0,0.0,0.0,0.0,0.0,0.0,0.0,0.0,963946,1522314866490498957,,head_nod,head_pan,left_e0,left_e1,left_s0,left_s1,left_w0,left_w1,left_w2,right_e0,right_e1,right_s0,right_s1,right_w0,right_w1,right_w2,torso_t0,0.0,-0.101626227197,-0.75088359567,1.41087882966,-0.25962624835,-0.613975810351,0.537276770957,0.757019518821,-0.119650501455,0.906966140837,1.60070895216,-0.285320426547,-1.03083508946,-0.482053462593,1.12364092713,-0.207470901562,-12.5659871192,0.0,-0.00117809724488,0.493622745603,-0.331438024892,-0.655414767232,0.420973415502,0.279601746117,0.0267035375505,0.0078539816325,0.0106028752039,-0.00117809724488,-0.00353429173463,-0.00706858346925,0.0137444678569,0.0102101761223,-0.00510508806113,0.0,0.0,0.0,-12.984,-9.964,-0.248,-19.56,-0.436,-0.58,0.072,10.292,-14.812,0.372,-19.408,-0.016,-0.208,-0.224,-20.48,0,0,/base,/head_1,1.23413033405,0.0252828830498,0.508831098336,0.25266809096,0.603455103866,0.580921479447,0.484284015993,0,0,/base,/neck_1,1.28375805937,-0.0127277166481,0.326704223358,0.25266809096,0.603455103866,0.580921479447,0.484284015993,0,0,/base,/torso_1,1.3309057947,-0.0540357952299,0.152912687968,0.248898731795,0.610234493612,0.571197203497,0.489282166888,0,0,/base,/left_shoulder_1,1.23502684512,0.0930935666179,0.288336855917,-0.0699743551041,0.782365222864,0.461120001551,0.412766994624,0,0,/base,/left_elbow_1,1.08338607167,0.15641110804,0.122465293369,-0.0587181940956,0.841987483526,0.474310357405,0.250277717997,0,0,/base,/left_hand_1,0.876464839723,0.177911014755,0.013151225846,-0.507826260114,0.52037540413,-0.464935591907,0.505130501646,0,0,/base,/right_shoulder_1,1.3345123337,-0.123440750084,0.364677294152,0.405035812073,-0.23789588817,0.757389478846,0.453555635687,0,0,/base,/right_elbow_1,1.40136247155,-0.250311641601,0.151823274268,0.565916717114,-0.291679354232,0.633320375377,0.439962186715,0,0,/base,/right_hand_1,1.39470135899,-0.305018198095,-0.0826346291204,-0.507826260114,0.52037540413,-0.464935591907,0.505130501646,0,0,/base,/left_hip_1,1.34589972108,-0.0229818238683,-0.0471790447942,0.52037540391,0.507826260474,0.505130502111,0.464935591254,0,0,/base,/left_knee_1,1.32416297209,-0.00380241141264,-0.415623183144,0.520358462396,0.507846225994,0.505159320329,0.46490143304,0,0,/base,/left_foot_1,1.3032582594,0.0146474918368,-0.769895732758,-0.507826260114,0.52037540413,-0.464935591907,0.505130501646,0,0,/base,/right_hip_1,1.41188033638,-0.172010577575,0.00475026827045,0.180857728255,0.744124851285,0.637369332413,0.0856097069785,0,0,/base,/right_knee_1,1.35273541242,-0.217137222735,-0.357267520373,-0.235763076194,0.636804033051,0.685830354674,-0.261788311432,0,0,/base,/right_foot_1,1.3318344498,-0.198695398884,-0.711540650577,-0.507826260114,0.52037540413,-0.464935591907,0.505130501646,0,0,/base,left_hand,0.783990798669,0.250776765584,0.142923695837,0.073511518256,0.98474499202,-0.0962422146532,0.124943161053,0,0,/base,right_hand,0.622713102532,-0.523631126468,0.316704699544,-0.0750294927236,0.99579773404,-0.0236622948972,0.0468779682053
1522314866621181660,19258,1522314866582918882,,205566,1522314866578253984,0,187,57,341,92,187,421,137,387,206093,1522314866577475070,base,-1488.0,9514.0,-8698.0,10002.0,0.0,0.0,0.0,0.0,0.0,0.0,0.0,0.0,0.0,774.0,619.0,125.0,0.0,0.0,0.0,0.0,0.0,0.0,0.0,0.0,0.0,-1582.0,-1470.0,672.0,0.0,0.0,0.0,0.0,0.0,0.0,0.0,0.0,0.0,0,0,,0.0,0.0,0.0,0.0,0.0,0.0,0.0,0.0,0.0,0.0,0.0,0.0,0.0,0.0,0.0,0.0,0.0,0.0,0.0,963948,1522314866510494984,,head_nod,head_pan,left_e0,left_e1,left_s0,left_s1,left_w0,left_w1,left_w2,right_e0,right_e1,right_s0,right_s1,right_w0,right_w1,right_w2,torso_t0,0.0,-0.100859236803,-0.742446701337,1.40435941131,-0.271898094653,-0.606305906412,0.542645703714,0.758553499609,-0.119267006258,0.906966140837,1.60032545696,-0.284553436153,-1.03160207985,-0.482820452987,1.12402442232,-0.208237891955,-12.5659871192,0.0,0.0121736715304,0.505796417133,-0.330652626728,-0.639706803967,0.402909257747,0.274103958974,0.0561559686724,-0.0121736715304,-0.003141592653,-0.0133517687753,0.00235619448975,0.0208130513261,0.0137444678569,0.0223838476526,-0.00667588438763,0.0,0.0,0.0,-13.112,-10.092,-0.124,-19.756,-0.408,-0.628,0.092,10.228,-14.812,0.372,-19.408,-0.032,-0.22,-0.212,-20.48,0,0,/base,/head_1,1.23413033405,0.0252828830498,0.508831098336,0.25266809096,0.603455103866,0.580921479447,0.484284015993,0,0,/base,/neck_1,1.28375805937,-0.0127277166481,0.326704223358,0.25266809096,0.603455103866,0.580921479447,0.484284015993,0,0,/base,/torso_1,1.3309057947,-0.0540357952299,0.152912687968,0.248898731795,0.610234493612,0.571197203497,0.489282166888,0,0,/base,/left_shoulder_1,1.23502684512,0.0930935666179,0.288336855917,-0.0699743551041,0.782365222864,0.461120001551,0.412766994624,0,0,/base,/left_elbow_1,1.08338607167,0.15641110804,0.122465293369,-0.0587181940956,0.841987483526,0.474310357405,0.250277717997,0,0,/base,/left_hand_1,0.874215891783,0.189802750204,0.00745589881286,-0.507826260114,0.52037540413,-0.464935591907,0.505130501646,0,0,/base,/right_shoulder_1,1.33248921307,-0.118548998281,0.365071602109,0.398955676411,-0.231092134903,0.765448104446,0.448909782523,0,0,/base,/right_elbow_1,1.40356514959,-0.246820227028,0.156345524098,0.563571174367,-0.287602909608,0.641905982641,0.433161410166,0,0,/base,/right_hand_1,1.40103666012,-0.302763839728,-0.0782744570202,-0.507826260114,0.52037540413,-0.464935591907,0.505130501646,0,0,/base,/left_hip_1,1.34377015152,-0.0208962985779,-0.0478711314155,0.520375403954,0.507826260402,0.505130502018,0.464935591385,0,0,/base,/left_knee_1,1.32416297209,-0.00380241141264,-0.415623183144,0.520358462396,0.507846225994,0.505159320329,0.46490143304,0,0,/base,/left_foot_1,1.3032582594,0.0146474918368,-0.769895732758,-0.507826260114,0.52037540413,-0.464935591907,0.505130501646,0,0,/base,/right_hip_1,1.41188033638,-0.172010577575,0.00475026827045,0.180857728255,0.744124851285,0.637369332413,0.0856097069785,0,0,/base,/right_knee_1,1.35273541242,-0.217137222735,-0.357267520373,-0.235763076194,0.636804033051,0.685830354674,-0.261788311432,0,0,/base,/right_foot_1,1.3318344498,-0.198695398884,-0.711540650577,-0.507826260114,0.52037540413,-0.464935591907,0.505130501646,0,0,/base,left_hand,0.783990798669,0.250776765584,0.142923695837,0.073511518256,0.98474499202,-0.0962422146532,0.124943161053,0,0,/base,right_hand,0.622713102532,-0.523631126468,0.316704699544,-0.0750294927236,0.99579773404,-0.0236622948972,0.0468779682053
1522314866621198298,19259,1522314866603017091,,205567,1522314866600069046,0,183,61,341,75,133,381,119,449,206094,1522314866599489927,base,-1315.0,9500.0,-8760.0,9985.0,0.0,0.0,0.0,0.0,0.0,0.0,0.0,0.0,0.0,806.0,522.0,178.0,0.0,0.0,0.0,0.0,0.0,0.0,0.0,0.0,0.0,-1527.0,-1428.0,679.0,0.0,0.0,0.0,0.0,0.0,0.0,0.0,0.0,0.0,0,0,,0.0,0.0,0.0,0.0,0.0,0.0,0.0,0.0,0.0,0.0,0.0,0.0,0.0,0.0,0.0,0.0,0.0,0.0,0.0,963949,1522314866520470840,,head_nod,head_pan,left_e0,left_e1,left_s0,left_s1,left_w0,left_w1,left_w2,right_e0,right_e1,right_s0,right_s1,right_w0,right_w1,right_w2,torso_t0,0.0,-0.101242732,-0.737077768579,1.40129144973,-0.278801008198,-0.602087459245,0.545330170093,0.758170004412,-0.120033996652,0.907349636034,1.60032545696,-0.283786445759,-1.03045159426,-0.482053462593,1.12402442232,-0.208621387152,-12.5659871192,0.0,0.0102101761223,0.481056374991,-0.343611696422,-0.65973445713,0.400553063258,0.28745572775,0.06283185306,-0.00824668071413,-0.012566370612,-0.00863937979575,-0.009424777959,-0.0109955742855,-0.0153152641834,0.0102101761223,-0.00549778714275,0.0,0.0,0.0,-13.176,-10.188,-0.184,-19.852,-0.4,-0.64,0.072,10.228,-14.812,0.184,-19.468,-0.016,-0.2,-0.232,-20.48,0,0,/base,/head_1,1.23413033405,0.0252828830498,0.508831098336,0.25266809096,0.603455103866,0.580921479447,0.484284015993,0,0,/base,/neck_1,1.28375805937,-0.0127277166481,0.326704223358,0.25266809096,0.603455103866,0.580921479447,0.484284015993,0,0,/base,/torso_1,1.3309057947,-0.0540357952299,0.152912687968,0.248898731795,0.610234493612,0.571197203497,0.489282166888,0,0,/base,/left_shoulder_1,1.23502684512,0.0930935666179,0.288336855917,-0.0699743551041,0.782365222864,0.461120001551,0.412766994624,0,0,/base,/left_elbow_1,1.08338607167,0.15641110804,0.122465293369,-0.0587181940956,0.841987483526,0.474310357405,0.250277717997,0,0,/base,/left_hand_1,0.874215891783,0.189802750204,0.00745589881286,-0.507826260114,0.52037540413,-0.464935591907,0.505130501646,0,0,/base,/right_shoulder_1,1.33248921307,-0.118548998281,0.365071602109,0.398955676411,-0.231092134903,0.765448104446,0.448909782523,0,0,/base,/right_elbow_1,1.40356514959,-0.246820227028,0.156345524098,0.563571174367,-0.287602909608,0.641905982641,0.433161410166,0,0,/base,/right_hand_1,1.40103666012,-0.302763839728,-0.0782744570202,-0.507826260114,0.52037540413,-0.464935591907,0.505130501646,0,0,/base,/left_hip_1,1.34377015152,-0.0208962985779,-0.0478711314155,0.520375403954,0.507826260402,0.505130502018,0.464935591385,0,0,/base,/left_knee_1,1.32203340073,-0.00171688453856,-0.416315300189,0.520360156632,0.507844229467,0.50515643852,0.464904848984,0,0,/base,/left_foot_1,1.30112907499,0.0167322068741,-0.770587914891,-0.507826260114,0.52037540413,-0.464935591907,0.505130501646,0,0,/base,/right_hip_1,1.41233690852,-0.169791449045,0.00611343657077,0.177934589519,0.745212418439,0.637788455749,0.0788899167841,0,0,/base,/right_knee_1,1.35151538537,-0.215298314228,-0.35557883666,-0.235626118929,0.636856496361,0.685877396274,-0.26166072002,0,0,/base,/right_foot_1,1.33061466359,-0.196856510555,-0.709852043347,-0.507826260114,0.52037540413,-0.464935591907,0.505130501646,0,0,/base,left_hand,0.783777549556,0.24827791929,0.136914008989,0.0766904687035,0.985201548238,-0.0933534834361,0.121579638467,0,0,/base,right_hand,0.622909877178,-0.52336248259,0.316476423294,-0.0752489446208,0.995782756284,-0.0235447798847,0.0469035389009
1522314866621223808,19097,1522314866600250005,,205567,1522314866600069046,0,183,61,341,75,133,381,119,449,206094,1522314866599489927,base,-1315.0,9500.0,-8760.0,9985.0,0.0,0.0,0.0,0.0,0.0,0.0,0.0,0.0,0.0,806.0,522.0,178.0,0.0,0.0,0.0,0.0,0.0,0.0,0.0,0.0,0.0,-1527.0,-1428.0,679.0,0.0,0.0,0.0,0.0,0.0,0.0,0.0,0.0,0.0,0,0,,0.0,0.0,0.0,0.0,0.0,0.0,0.0,0.0,0.0,0.0,0.0,0.0,0.0,0.0,0.0,0.0,0.0,0.0,0.0,963950,1522314866530473195,,head_nod,head_pan,left_e0,left_e1,left_s0,left_s1,left_w0,left_w1,left_w2,right_e0,right_e1,right_s0,right_s1,right_w0,right_w1,right_w2,torso_t0,0.0,-0.101242732,-0.732859321412,1.39783999296,-0.28493693135,-0.598636002472,0.548398131669,0.7597039852,-0.120417491849,0.906199150443,1.60070895216,-0.28493693135,-1.03121858466,-0.482053462593,1.12325743193,-0.207854396758,-12.5659871192,0.0,0.00903207887738,0.48576876397,-0.353429173463,-0.644419192947,0.391128285299,0.318478955198,0.0384845099993,-0.0180641577548,-0.006283185306,0.0078539816325,0.0109955742855,0.00824668071413,-0.00078539816325,-0.0204203522445,-0.0184568568364,0.0,0.0,0.0,-13.272,-10.28,-0.152,-19.952,-0.376,-0.648,0.112,10.26,-14.812,0.404,-19.408,-0.016,-0.2,-0.224,-20.48,0,0,/base,/head_1,1.23413033405,0.0252828830498,0.508831098336,0.25266809096,0.603455103866,0.580921479447,0.484284015993,0,0,/base,/neck_1,1.28375805937,-0.0127277166481,0.326704223358,0.25266809096,0.603455103866,0.580921479447,0.484284015993,0,0,/base,/torso_1,1.3309057947,-0.0540357952299,0.152912687968,0.248898731795,0.610234493612,0.571197203497,0.489282166888,0,0,/base,/left_shoulder_1,1.23502684512,0.0930935666179,0.288336855917,-0.0699743551041,0.782365222864,0.461120001551,0.412766994624,0,0,/base,/left_elbow_1,1.08338607167,0.15641110804,0.122465293369,-0.0587181940956,0.841987483526,0.474310357405,0.250277717997,0,0,/base,/left_hand_1,0.874215891783,0.189802750204,0.00745589881286,-0.507826260114,0.52037540413,-0.464935591907,0.505130501646,0,0,/base,/right_shoulder_1,1.33248921307,-0.118548998281,0.365071602109,0.398955676411,-0.231092134903,0.765448104446,0.448909782523,0,0,/base,/right_elbow_1,1.40356514959,-0.246820227028,0.156345524098,0.563571174367,-0.287602909608,0.641905982641,0.433161410166,0,0,/base,/right_hand_1,1.40103666012,-0.302763839728,-0.0782744570202,-0.507826260114,0.52037540413,-0.464935591907,0.505130501646,0,0,/base,/left_hip_1,1.34377015152,-0.0208962985779,-0.0478711314155,0.520375403954,0.507826260402,0.505130502018,0.464935591385,0,0,/base,/left_knee_1,1.32203340073,-0.00171688453856,-0.416315300189,0.520360156632,0.507844229467,0.50515643852,0.464904848984,0,0,/base,/left_foot_1,1.30112907499,0.0167322068741,-0.770587914891,-0.507826260114,0.52037540413,-0.464935591907,0.505130501646,0,0,/base,/right_hip_1,1.41233690852,-0.169791449045,0.00611343657077,0.177934589519,0.745212418439,0.637788455749,0.0788899167841,0,0,/base,/right_knee_1,1.35151538537,-0.215298314228,-0.35557883666,-0.235626118929,0.636856496361,0.685877396274,-0.26166072002,0,0,/base,/right_foot_1,1.33061466359,-0.196856510555,-0.709852043347,-0.507826260114,0.52037540413,-0.464935591907,0.505130501646,0,0,/base,left_hand,0.783777549556,0.24827791929,0.136914008989,0.0766904687035,0.985201548238,-0.0933534834361,0.121579638467,0,0,/base,right_hand,0.622909877178,-0.52336248259,0.316476423294,-0.0752489446208,0.995782756284,-0.0235447798847,0.0469035389009
1522314866621226822,19098,1522314866615442037,,205568,1522314866613867998,0,161,87,375,81,101,458,149,475,206095,1522314866606345891,base,-1152.0,9479.0,-8810.0,9981.0,0.0,0.0,0.0,0.0,0.0,0.0,0.0,0.0,0.0,731.0,434.0,211.0,0.0,0.0,0.0,0.0,0.0,0.0,0.0,0.0,0.0,-1440.0,-1260.0,686.0,0.0,0.0,0.0,0.0,0.0,0.0,0.0,0.0,0.0,0,0,,0.0,0.0,0.0,0.0,0.0,0.0,0.0,0.0,0.0,0.0,0.0,0.0,0.0,0.0,0.0,0.0,0.0,0.0,0.0,963951,1522314866540499550,,head_nod,head_pan,left_e0,left_e1,left_s0,left_s1,left_w0,left_w1,left_w2,right_e0,right_e1,right_s0,right_s1,right_w0,right_w1,right_w2,torso_t0,0.0,-0.101626227197,-0.728257379049,1.39362154579,-0.291839844895,-0.594801050503,0.551849588442,0.760470975594,-0.119267006258,0.906966140837,1.60032545696,-0.284553436153,-1.03121858466,-0.481669967396,1.12364092713,-0.208237891955,-12.5659871192,0.0,-0.00510508806113,0.472809694277,-0.376598419278,-0.63067472509,0.401338461421,0.322798645096,0.0522289778561,-0.0243473430608,-0.00903207887738,-0.00746128255088,-0.0141371669385,0.000392699081625,0.00824668071413,-0.0176714586731,0.00589048622438,0.0,0.0,0.0,-13.144,-10.28,-0.152,-19.852,-0.348,-0.656,0.1,10.228,-14.812,0.28,-19.408,-0.032,-0.208,-0.212,-20.48,0,0,/base,/head_1,1.22841787113,0.0294280086758,0.505998303169,0.24399686465,0.605673606211,0.581888605194,0.484799612135,0,0,/base,/neck_1,1.28004473239,-0.00972954152415,0.325081472867,0.24399686465,0.605673606211,0.581888605194,0.484799612135,0,0,/base,/torso_1,1.32899252764,-0.0516929487032,0.151943363482,0.241245217759,0.611995231231,0.572927200776,0.488893653538,0,0,/base,/left_shoulder_1,1.230296825,0.0952105110004,0.285588318823,-0.0729254808677,0.781035897015,0.462765812333,0.412931719234,0,0,/base,/left_elbow_1,1.07895234786,0.157833130769,0.119260784973,-0.0458908747448,0.832517122239,0.482938773256,0.267543286367,0,0,/base,/left_hand_1,0.873413627243,0.201707906953,0.00118887136932,-0.507826260114,0.52037540413,-0.464935591907,0.505130501646,0,0,/base,/right_shoulder_1,1.32979270058,-0.114669588461,0.364574623615,0.393304826017,-0.2277072107,0.77285035799,0.442902996356,0,0,/base,/right_elbow_1,1.40502341047,-0.242151961742,0.160383474902,0.555999375543,-0.280028621639,0.654050190182,0.429729000862,0,0,/base,/right_hand_1,1.4080146979,-0.30266040017,-0.0732105271098,-0.507826260114,0.52037540413,-0.464935591907,0.505130501646,0,0,/base,/left_hip_1,1.34315548909,-0.020280185395,-0.0488091321203,0.52037540399,0.507826260345,0.505130501943,0.464935591489,0,0,/base,/left_knee_1,1.32141874189,-0.00110077452311,-0.417253240047,0.520361681433,0.507842432581,0.505153844882,0.464907923322,0,0,/base,/left_foot_1,1.30051480111,0.0173475812115,-0.771525915756,-0.507826260114,0.52037540413,-0.464935591907,0.505130501646,0,0,/base,/right_hip_1,1.4127251567,-0.167032526369,0.00641964031475,0.187905994824,0.764326573744,0.613012765771,0.0686409118472,0,0,/base,/right_knee_1,1.33784702204,-0.232592098555,-0.348593014964,-0.182327331099,0.672304995717,0.648959572663,-0.305964393545,0,0,/base,/right_foot_1,1.28463766505,-0.264532316908,-0.693208169265,-0.507826260114,0.52037540413,-0.464935591907,0.505130501646,0,0,/base,left_hand,0.784508136031,0.245620491643,0.13218852201,0.0811144405011,0.985505985866,-0.0894611061393,0.11914323251,0,0,/base,right_hand,0.622746530913,-0.523942885951,0.316742934286,-0.0744561832519,0.995823205612,-0.0238001963628,0.0471801927972
1522314866661236857,19260,1522314866622539997,,205568,1522314866613867998,0,161,87,375,81,101,458,149,475,206095,1522314866606345891,base,-1152.0,9479.0,-8810.0,9981.0,0.0,0.0,0.0,0.0,0.0,0.0,0.0,0.0,0.0,731.0,434.0,211.0,0.0,0.0,0.0,0.0,0.0,0.0,0.0,0.0,0.0,-1440.0,-1260.0,686.0,0.0,0.0,0.0,0.0,0.0,0.0,0.0,0.0,0.0,0,0,,0.0,0.0,0.0,0.0,0.0,0.0,0.0,0.0,0.0,0.0,0.0,0.0,0.0,0.0,0.0,0.0,0.0,0.0,0.0,963953,1522314866560496393,,head_nod,head_pan,left_e0,left_e1,left_s0,left_s1,left_w0,left_w1,left_w2,right_e0,right_e1,right_s0,right_s1,right_w0,right_w1,right_w2,torso_t0,0.0,-0.101626227197,-0.719436989518,1.38518465146,-0.304111691198,-0.58751464176,0.558752501987,0.758936994806,-0.120033996652,0.90658264564,1.60109244736,-0.284553436153,-1.03160207985,-0.482053462593,1.12402442232,-0.209004882349,-12.5659871192,0.0,-0.0164933614283,0.438644874175,-0.380525410095,-0.648738882845,0.385237799074,0.338899307442,0.00863937979575,-0.00117809724488,-0.0133517687753,0.0109955742855,0.021991148571,-0.00667588438763,0.00667588438763,0.0113882733671,0.0113882733671,0.0,0.0,0.0,-12.788,-10.124,-0.34,-19.884,-0.332,-0.52,0.168,10.228,-14.784,0.34,-19.436,-0.024,-0.188,-0.224,-20.48,0,0,/base,/head_1,1.22841787113,0.0294280086758,0.505998303169,0.24399686465,0.605673606211,0.581888605194,0.484799612135,0,0,/base,/neck_1,1.28004473239,-0.00972954152415,0.325081472867,0.24399686465,0.605673606211,0.581888605194,0.484799612135,0,0,/base,/torso_1,1.32899252764,-0.0516929487032,0.151943363482,0.241245217759,0.611995231231,0.572927200776,0.488893653538,0,0,/base,/left_shoulder_1,1.230296825,0.0952105110004,0.285588318823,-0.0729254808677,0.781035897015,0.462765812333,0.412931719234,0,0,/base,/left_elbow_1,1.07895234786,0.157833130769,0.119260784973,-0.0458908747448,0.832517122239,0.482938773256,0.267543286367,0,0,/base,/left_hand_1,0.873413627243,0.201707906953,0.00118887136932,-0.507826260114,0.52037540413,-0.464935591907,0.505130501646,0,0,/base,/right_shoulder_1,1.32979270058,-0.114669588461,0.364574623615,0.393304826017,-0.2277072107,0.77285035799,0.442902996356,0,0,/base,/right_elbow_1,1.40502341047,-0.242151961742,0.160383474902,0.555999375543,-0.280028621639,0.654050190182,0.429729000862,0,0,/base,/right_hand_1,1.4080146979,-0.30266040017,-0.0732105271098,-0.507826260114,0.52037540413,-0.464935591907,0.505130501646,0,0,/base,/left_hip_1,1.34315548909,-0.020280185395,-0.0488091321203,0.52037540399,0.507826260345,0.505130501943,0.464935591489,0,0,/base,/left_knee_1,1.32141874189,-0.00110077452311,-0.417253240047,0.520361681433,0.507842432581,0.505153844882,0.464907923322,0,0,/base,/left_foot_1,1.30051480111,0.0173475812115,-0.771525915756,-0.507826260114,0.52037540413,-0.464935591907,0.505130501646,0,0,/base,/right_hip_1,1.4127251567,-0.167032526369,0.00641964031475,0.187905994824,0.764326573744,0.613012765771,0.0686409118472,0,0,/base,/right_knee_1,1.33784702204,-0.232592098555,-0.348593014964,-0.182327331099,0.672304995717,0.648959572663,-0.305964393545,0,0,/base,/right_foot_1,1.28463766505,-0.264532316908,-0.693208169265,-0.507826260114,0.52037540413,-0.464935591907,0.505130501646,0,0,/base,left_hand,0.784508136031,0.245620491643,0.13218852201,0.0811144405011,0.985505985866,-0.0894611061393,0.11914323251,0,0,/base,right_hand,0.622746530913,-0.523942885951,0.316742934286,-0.0744561832519,0.995823205612,-0.0238001963628,0.0471801927972
1522314866661245636,19261,1522314866644393920,,205569,1522314866636332988,0,161,85,344,65,88,466,147,492,206097,1522314866643867969,base,-863.0,9447.0,-8908.0,9954.0,0.0,0.0,0.0,0.0,0.0,0.0,0.0,0.0,0.0,661.0,403.0,123.0,0.0,0.0,0.0,0.0,0.0,0.0,0.0,0.0,0.0,-1589.0,-1381.0,691.0,0.0,0.0,0.0,0.0,0.0,0.0,0.0,0.0,0.0,0,0,,0.0,0.0,0.0,0.0,0.0,0.0,0.0,0.0,0.0,0.0,0.0,0.0,0.0,0.0,0.0,0.0,0.0,0.0,0.0,963954,1522314866570452994,,head_nod,head_pan,left_e0,left_e1,left_s0,left_s1,left_w0,left_w1,left_w2,right_e0,right_e1,right_s0,right_s1,right_w0,right_w1,right_w2,torso_t0,0.0,-0.101626227197,-0.715218542352,1.38250018508,-0.310631109547,-0.58367968979,0.562587453957,0.7597039852,-0.120417491849,0.906966140837,1.60070895216,-0.284169940956,-1.03121858466,-0.48243695779,1.12402442232,-0.208621387152,-12.5659871192,0.0,-0.003141592653,0.470846198868,-0.386415896319,-0.632245521416,0.359319659687,0.369137136728,0.0137444678569,-0.00235619448975,-0.00235619448975,-0.000392699081625,0.0145298660201,0.00235619448975,-0.00903207887738,0.0145298660201,-0.00903207887738,0.0,0.0,0.0,-12.82,-10.028,-0.248,-19.82,-0.304,-0.436,0.168,10.168,-14.812,0.152,-19.496,-0.016,-0.2,-0.224,-20.48,0,0,/base,/head_1,1.22841787113,0.0294280086758,0.505998303169,0.24399686465,0.605673606211,0.581888605194,0.484799612135,0,0,/base,/neck_1,1.28004473239,-0.00972954152415,0.325081472867,0.24399686465,0.605673606211,0.581888605194,0.484799612135,0,0,/base,/torso_1,1.32899252764,-0.0516929487032,0.151943363482,0.241245217759,0.611995231231,0.572927200776,0.488893653538,0,0,/base,/left_shoulder_1,1.230296825,0.0952105110004,0.285588318823,-0.0729254808677,0.781035897015,0.462765812333,0.412931719234,0,0,/base,/left_elbow_1,1.07895234786,0.157833130769,0.119260784973,-0.0458908747448,0.832517122239,0.482938773256,0.267543286367,0,0,/base,/left_hand_1,0.873413627243,0.201707906953,0.00118887136932,-0.507826260114,0.52037540413,-0.464935591907,0.505130501646,0,0,/base,/right_shoulder_1,1.32979270058,-0.114669588461,0.364574623615,0.393304826017,-0.2277072107,0.77285035799,0.442902996356,0,0,/base,/right_elbow_1,1.40502341047,-0.242151961742,0.160383474902,0.555999375543,-0.280028621639,0.654050190182,0.429729000862,0,0,/base,/right_hand_1,1.4080146979,-0.30266040017,-0.0732105271098,-0.507826260114,0.52037540413,-0.464935591907,0.505130501646,0,0,/base,/left_hip_1,1.34315548909,-0.020280185395,-0.0488091321203,0.52037540399,0.507826260345,0.505130501943,0.464935591489,0,0,/base,/left_knee_1,1.32141874189,-0.00110077452311,-0.417253240047,0.520361681433,0.507842432581,0.505153844882,0.464907923322,0,0,/base,/left_foot_1,1.30051480111,0.0173475812115,-0.771525915756,-0.507826260114,0.52037540413,-0.464935591907,0.505130501646,0,0,/base,/right_hip_1,1.4127251567,-0.167032526369,0.00641964031475,0.187905994824,0.764326573744,0.613012765771,0.0686409118472,0,0,/base,/right_knee_1,1.33784702204,-0.232592098555,-0.348593014964,-0.182327331099,0.672304995717,0.648959572663,-0.305964393545,0,0,/base,/right_foot_1,1.28463766505,-0.264532316908,-0.693208169265,-0.507826260114,0.52037540413,-0.464935591907,0.505130501646,0,0,/base,left_hand,0.786271604858,0.241871997534,0.125174950961,0.0866076315015,0.98574906852,-0.0838027166398,0.117366932148,0,0,/base,right_hand,0.622631580168,-0.523802732085,0.316611057802,-0.075062372103,0.995790348818,-0.0240682532625,0.046775428161
1522314866661248354,19099,1522314866637401103,,205569,1522314866636332988,0,161,85,344,65,88,466,147,492,206096,1522314866629240989,base,-1004.0,9461.0,-8860.0,9970.0,0.0,0.0,0.0,0.0,0.0,0.0,0.0,0.0,0.0,681.0,425.0,174.0,0.0,0.0,0.0,0.0,0.0,0.0,0.0,0.0,0.0,-1460.0,-1336.0,712.0,0.0,0.0,0.0,0.0,0.0,0.0,0.0,0.0,0.0,0,0,,0.0,0.0,0.0,0.0,0.0,0.0,0.0,0.0,0.0,0.0,0.0,0.0,0.0,0.0,0.0,0.0,0.0,0.0,0.0,963954,1522314866570452994,,head_nod,head_pan,left_e0,left_e1,left_s0,left_s1,left_w0,left_w1,left_w2,right_e0,right_e1,right_s0,right_s1,right_w0,right_w1,right_w2,torso_t0,0.0,-0.101626227197,-0.715218542352,1.38250018508,-0.310631109547,-0.58367968979,0.562587453957,0.7597039852,-0.120417491849,0.906966140837,1.60070895216,-0.284169940956,-1.03121858466,-0.48243695779,1.12402442232,-0.208621387152,-12.5659871192,0.0,-0.003141592653,0.470846198868,-0.386415896319,-0.632245521416,0.359319659687,0.369137136728,0.0137444678569,-0.00235619448975,-0.00235619448975,-0.000392699081625,0.0145298660201,0.00235619448975,-0.00903207887738,0.0145298660201,-0.00903207887738,0.0,0.0,0.0,-12.82,-10.028,-0.248,-19.82,-0.304,-0.436,0.168,10.168,-14.812,0.152,-19.496,-0.016,-0.2,-0.224,-20.48,0,0,/base,/head_1,1.22841787113,0.0294280086758,0.505998303169,0.24399686465,0.605673606211,0.581888605194,0.484799612135,0,0,/base,/neck_1,1.28004473239,-0.00972954152415,0.325081472867,0.24399686465,0.605673606211,0.581888605194,0.484799612135,0,0,/base,/torso_1,1.32899252764,-0.0516929487032,0.151943363482,0.241245217759,0.611995231231,0.572927200776,0.488893653538,0,0,/base,/left_shoulder_1,1.230296825,0.0952105110004,0.285588318823,-0.0729254808677,0.781035897015,0.462765812333,0.412931719234,0,0,/base,/left_elbow_1,1.07895234786,0.157833130769,0.119260784973,-0.0458908747448,0.832517122239,0.482938773256,0.267543286367,0,0,/base,/left_hand_1,0.873413627243,0.201707906953,0.00118887136932,-0.507826260114,0.52037540413,-0.464935591907,0.505130501646,0,0,/base,/right_shoulder_1,1.32979270058,-0.114669588461,0.364574623615,0.393304826017,-0.2277072107,0.77285035799,0.442902996356,0,0,/base,/right_elbow_1,1.40502341047,-0.242151961742,0.160383474902,0.555999375543,-0.280028621639,0.654050190182,0.429729000862,0,0,/base,/right_hand_1,1.4080146979,-0.30266040017,-0.0732105271098,-0.507826260114,0.52037540413,-0.464935591907,0.505130501646,0,0,/base,/left_hip_1,1.34315548909,-0.020280185395,-0.0488091321203,0.52037540399,0.507826260345,0.505130501943,0.464935591489,0,0,/base,/left_knee_1,1.32141874189,-0.00110077452311,-0.417253240047,0.520361681433,0.507842432581,0.505153844882,0.464907923322,0,0,/base,/left_foot_1,1.30051480111,0.0173475812115,-0.771525915756,-0.507826260114,0.52037540413,-0.464935591907,0.505130501646,0,0,/base,/right_hip_1,1.4127251567,-0.167032526369,0.00641964031475,0.187905994824,0.764326573744,0.613012765771,0.0686409118472,0,0,/base,/right_knee_1,1.33784702204,-0.232592098555,-0.348593014964,-0.182327331099,0.672304995717,0.648959572663,-0.305964393545,0,0,/base,/right_foot_1,1.28463766505,-0.264532316908,-0.693208169265,-0.507826260114,0.52037540413,-0.464935591907,0.505130501646,0,0,/base,left_hand,0.786271604858,0.241871997534,0.125174950961,0.0866076315015,0.98574906852,-0.0838027166398,0.117366932148,0,0,/base,right_hand,0.622631580168,-0.523802732085,0.316611057802,-0.075062372103,0.995790348818,-0.0240682532625,0.046775428161
1522314866661259164,19100,1522314866659297943,,205570,1522314866658951997,0,172,88,353,64,107,532,145,538,206097,1522314866643867969,base,-863.0,9447.0,-8908.0,9954.0,0.0,0.0,0.0,0.0,0.0,0.0,0.0,0.0,0.0,661.0,403.0,123.0,0.0,0.0,0.0,0.0,0.0,0.0,0.0,0.0,0.0,-1589.0,-1381.0,691.0,0.0,0.0,0.0,0.0,0.0,0.0,0.0,0.0,0.0,0,0,,0.0,0.0,0.0,0.0,0.0,0.0,0.0,0.0,0.0,0.0,0.0,0.0,0.0,0.0,0.0,0.0,0.0,0.0,0.0,963956,1522314866590498917,,head_nod,head_pan,left_e0,left_e1,left_s0,left_s1,left_w0,left_w1,left_w2,right_e0,right_e1,right_s0,right_s1,right_w0,right_w1,right_w2,torso_t0,0.0,-0.101242732,-0.707165143215,1.37559727154,-0.321368975062,-0.577160271442,0.568723377109,0.760470975594,-0.121184482243,0.90658264564,1.60070895216,-0.284169940956,-1.03121858466,-0.482820452987,1.12364092713,-0.209004882349,-12.5659871192,0.0,0.0172787595915,0.45199664295,-0.402909257747,-0.614181363662,0.356963465197,0.349894881728,0.012566370612,-0.0239546439791,0.0047123889795,-0.0078539816325,-0.00078539816325,-0.0015707963265,0.0121736715304,-0.00196349540813,-0.0145298660201,0.0,0.0,0.0,-12.92,-10.028,-0.124,-19.884,-0.26,-0.396,0.196,10.196,-14.784,0.404,-19.496,-0.032,-0.168,-0.224,-20.48,0,0,/base,/head_1,1.22306361074,0.0333517535583,0.504606232264,0.235859770667,0.608025271968,0.582863418811,0.484711947698,0,0,/base,/neck_1,1.27653710508,-0.00687285112537,0.324447967808,0.235859770667,0.608025271968,0.582863418811,0.484711947698,0,0,/base,/torso_1,1.32748418079,-0.049639679177,0.152087284854,0.232924917325,0.613791592654,0.574469581159,0.488866611663,0,0,/base,/left_shoulder_1,1.22581396638,0.0971035258412,0.283661446886,-0.0758120959457,0.779334294879,0.464196113641,0.414019988666,0,0,/base,/left_elbow_1,1.07479814898,0.15936574881,0.116268121806,-0.0387965139082,0.82452146786,0.488960655035,0.282093348688,0,0,/base,/left_hand_1,0.872710189199,0.210473596206,-0.0050864851803,-0.507826260114,0.52037540413,-0.464935591907,0.505130501646,0,0,/base,/right_shoulder_1,1.32726030454,-0.11084923734,0.365234477011,0.392121059838,-0.225277711713,0.777012361511,0.437884479167,0,0,/base,/right_elbow_1,1.40572282249,-0.238780369995,0.160402574429,0.54991781152,-0.276195728755,0.663530559959,0.42548033561,0,0,/base,/right_hand_1,1.41371540369,-0.301745473597,-0.0724700173007,-0.507826260114,0.52037540413,-0.464935591907,0.505130501646,0,0,/base,/left_hip_1,1.34307160909,-0.0199236397833,-0.0487060478948,0.520375404018,0.507826260298,0.505130501884,0.464935591573,0,0,/base,/left_knee_1,1.3213348592,-0.000744226535789,-0.417150201456,0.520363053744,0.507840815375,0.505151510598,0.464910690217,0,0,/base,/left_foot_1,1.30043117957,0.0177034661205,-0.771422927089,-0.507826260114,0.52037540413,-0.464935591907,0.505130501646,0,0,/base,/right_hip_1,1.41379090393,-0.164889374674,0.00815925169449,0.183556590014,0.784055549016,0.588676981664,0.0708751407591,0,0,/base,/right_knee_1,1.33849202591,-0.253134262067,-0.341504365898,-0.159270404907,0.700607198396,0.613021879593,-0.328613248086,0,0,/base,/right_foot_1,1.27548382176,-0.322436189157,-0.679347758135,-0.507826260114,0.52037540413,-0.464935591907,0.505130501646,0,0,/base,left_hand,0.787131631062,0.240220058811,0.12098407655,0.0895083120846,0.985975460632,-0.0801571760459,0.11582521413,0,0,/base,right_hand,0.622633940039,-0.524070561214,0.316551627807,-0.0751701104857,0.995772814979,-0.024326132703,0.0468422320737
1522314866701174933,19262,1522314866662405967,,205570,1522314866658951997,0,172,88,353,64,107,532,145,538,206097,1522314866643867969,base,-863.0,9447.0,-8908.0,9954.0,0.0,0.0,0.0,0.0,0.0,0.0,0.0,0.0,0.0,661.0,403.0,123.0,0.0,0.0,0.0,0.0,0.0,0.0,0.0,0.0,0.0,-1589.0,-1381.0,691.0,0.0,0.0,0.0,0.0,0.0,0.0,0.0,0.0,0.0,0,0,,0.0,0.0,0.0,0.0,0.0,0.0,0.0,0.0,0.0,0.0,0.0,0.0,0.0,0.0,0.0,0.0,0.0,0.0,0.0,963956,1522314866590498917,,head_nod,head_pan,left_e0,left_e1,left_s0,left_s1,left_w0,left_w1,left_w2,right_e0,right_e1,right_s0,right_s1,right_w0,right_w1,right_w2,torso_t0,0.0,-0.101242732,-0.707165143215,1.37559727154,-0.321368975062,-0.577160271442,0.568723377109,0.760470975594,-0.121184482243,0.90658264564,1.60070895216,-0.284169940956,-1.03121858466,-0.482820452987,1.12364092713,-0.209004882349,-12.5659871192,0.0,0.0172787595915,0.45199664295,-0.402909257747,-0.614181363662,0.356963465197,0.349894881728,0.012566370612,-0.0239546439791,0.0047123889795,-0.0078539816325,-0.00078539816325,-0.0015707963265,0.0121736715304,-0.00196349540813,-0.0145298660201,0.0,0.0,0.0,-12.92,-10.028,-0.124,-19.884,-0.26,-0.396,0.196,10.196,-14.784,0.404,-19.496,-0.032,-0.168,-0.224,-20.48,0,0,/base,/head_1,1.22306361074,0.0333517535583,0.504606232264,0.235859770667,0.608025271968,0.582863418811,0.484711947698,0,0,/base,/neck_1,1.27653710508,-0.00687285112537,0.324447967808,0.235859770667,0.608025271968,0.582863418811,0.484711947698,0,0,/base,/torso_1,1.32748418079,-0.049639679177,0.152087284854,0.232924917325,0.613791592654,0.574469581159,0.488866611663,0,0,/base,/left_shoulder_1,1.22581396638,0.0971035258412,0.283661446886,-0.0758120959457,0.779334294879,0.464196113641,0.414019988666,0,0,/base,/left_elbow_1,1.07479814898,0.15936574881,0.116268121806,-0.0387965139082,0.82452146786,0.488960655035,0.282093348688,0,0,/base,/left_hand_1,0.872710189199,0.210473596206,-0.0050864851803,-0.507826260114,0.52037540413,-0.464935591907,0.505130501646,0,0,/base,/right_shoulder_1,1.32726030454,-0.11084923734,0.365234477011,0.392121059838,-0.225277711713,0.777012361511,0.437884479167,0,0,/base,/right_elbow_1,1.40572282249,-0.238780369995,0.160402574429,0.54991781152,-0.276195728755,0.663530559959,0.42548033561,0,0,/base,/right_hand_1,1.41371540369,-0.301745473597,-0.0724700173007,-0.507826260114,0.52037540413,-0.464935591907,0.505130501646,0,0,/base,/left_hip_1,1.34307160909,-0.0199236397833,-0.0487060478948,0.520375404018,0.507826260298,0.505130501884,0.464935591573,0,0,/base,/left_knee_1,1.3213348592,-0.000744226535789,-0.417150201456,0.520363053744,0.507840815375,0.505151510598,0.464910690217,0,0,/base,/left_foot_1,1.30043117957,0.0177034661205,-0.771422927089,-0.507826260114,0.52037540413,-0.464935591907,0.505130501646,0,0,/base,/right_hip_1,1.41379090393,-0.164889374674,0.00815925169449,0.183556590014,0.784055549016,0.588676981664,0.0708751407591,0,0,/base,/right_knee_1,1.33849202591,-0.253134262067,-0.341504365898,-0.159270404907,0.700607198396,0.613021879593,-0.328613248086,0,0,/base,/right_foot_1,1.27548382176,-0.322436189157,-0.679347758135,-0.507826260114,0.52037540413,-0.464935591907,0.505130501646,0,0,/base,left_hand,0.787131631062,0.240220058811,0.12098407655,0.0895083120846,0.985975460632,-0.0801571760459,0.11582521413,0,0,/base,right_hand,0.622633940039,-0.524070561214,0.316551627807,-0.0751701104857,0.995772814979,-0.024326132703,0.0468422320737
1522314866701184683,19263,1522314866682554006,,205570,1522314866658951997,0,172,88,353,64,107,532,145,538,206098,1522314866666273117,base,-734.0,9420.0,-8957.0,9946.0,0.0,0.0,0.0,0.0,0.0,0.0,0.0,0.0,0.0,660.0,315.0,125.0,0.0,0.0,0.0,0.0,0.0,0.0,0.0,0.0,0.0,-1538.0,-1360.0,716.0,0.0,0.0,0.0,0.0,0.0,0.0,0.0,0.0,0.0,0,0,,0.0,0.0,0.0,0.0,0.0,0.0,0.0,0.0,0.0,0.0,0.0,0.0,0.0,0.0,0.0,0.0,0.0,0.0,0.0,963958,1522314866610499514,,head_nod,head_pan,left_e0,left_e1,left_s0,left_s1,left_w0,left_w1,left_w2,right_e0,right_e1,right_s0,right_s1,right_w0,right_w1,right_w2,torso_t0,0.0,-0.101242732,-0.698728248882,1.3671603772,-0.333640821365,-0.57102434829,0.576776776245,0.761237965988,-0.121184482243,0.907349636034,1.60032545696,-0.283786445759,-1.03160207985,-0.481669967396,1.12364092713,-0.209004882349,-12.5659871192,0.0,-0.0078539816325,0.404480054074,-0.394269877952,-0.624391539784,0.346360589993,0.383274303666,0.0396626072441,-0.0109955742855,-0.00589048622438,0.00549778714275,0.00746128255088,-0.012566370612,-0.00196349540813,-0.00392699081625,0.00235619448975,0.0,0.0,0.0,-12.756,-10.156,-0.216,-20.116,-0.244,-0.512,0.232,10.228,-14.812,0.248,-19.468,-0.04,-0.18,-0.232,-20.48,0,0,/base,/head_1,1.22043100285,0.0380937759083,0.503034354147,0.230160773329,0.612178285607,0.58140744225,0.483972262788,0,0,/base,/neck_1,1.27442536666,-0.00379787414569,0.323438954343,0.230160773329,0.612178285607,0.58140744225,0.483972262788,0,0,/base,/torso_1,1.32674196363,-0.0482270067139,0.151912243109,0.225421781558,0.617048474777,0.573546108003,0.48936802324,0,0,/base,/left_shoulder_1,1.22297893028,0.0991882511595,0.281077529751,-0.0773710900625,0.77958779766,0.463645917793,0.413870804813,0,0,/base,/left_elbow_1,1.07143099531,0.160972982154,0.112719839633,-0.032881716566,0.818243363404,0.491802716161,0.29584908203,0,0,/base,/left_hand_1,0.87289295727,0.218206566013,-0.0119107143278,-0.507826260114,0.52037540413,-0.464935591907,0.505130501646,0,0,/base,/right_shoulder_1,1.32587180314,-0.106784003259,0.365800378731,0.387474366548,-0.220991434512,0.782903859118,0.433691074981,0,0,/base,/right_elbow_1,1.40754480305,-0.234971269251,0.164264339454,0.546083507339,-0.27281056421,0.672821066129,0.417946183186,0,0,/base,/right_hand_1,1.42063820894,-0.298823829384,-0.0682242737319,-0.507826260114,0.52037540413,-0.464935591907,0.505130501646,0,0,/base,/left_hip_1,1.34324816489,-0.0209702636853,-0.04910111067,0.52037540404,0.507826260261,0.505130501836,0.46493559164,0,0,/base,/left_knee_1,1.3215114141,-0.00179084964597,-0.417545279443,0.520364288816,0.507839359881,0.505149409735,0.464913180416,0,0,/base,/left_foot_1,1.30060811565,0.0166562520337,-0.771818058328,-0.507826260114,0.52037540413,-0.464935591907,0.505130501646,0,0,/base,/right_hip_1,1.41379090393,-0.164889374674,0.00815925169449,0.183556590014,0.784055549016,0.588676981664,0.0708751407591,0,0,/base,/right_knee_1,1.33849202591,-0.253134262067,-0.341504365898,-0.159270404907,0.700607198396,0.613021879593,-0.328613248086,0,0,/base,/right_foot_1,1.27548382176,-0.322436189157,-0.679347758135,-0.507826260114,0.52037540413,-0.464935591907,0.505130501646,0,0,/base,left_hand,0.78877154492,0.238319422771,0.117313365351,0.093761385095,0.986026360647,-0.0754130210936,0.115211522968,0,0,/base,right_hand,0.62304305423,-0.523359507988,0.316980322189,-0.0753850804934,0.995742086999,-0.0239264527115,0.0473530429605
1522314866701188459,19101,1522314866678404092,,205571,1522314866678258895,0,182,87,335,66,120,574,157,507,206098,1522314866666273117,base,-734.0,9420.0,-8957.0,9946.0,0.0,0.0,0.0,0.0,0.0,0.0,0.0,0.0,0.0,660.0,315.0,125.0,0.0,0.0,0.0,0.0,0.0,0.0,0.0,0.0,0.0,-1538.0,-1360.0,716.0,0.0,0.0,0.0,0.0,0.0,0.0,0.0,0.0,0.0,0,0,,0.0,0.0,0.0,0.0,0.0,0.0,0.0,0.0,0.0,0.0,0.0,0.0,0.0,0.0,0.0,0.0,0.0,0.0,0.0,963956,1522314866590498917,,head_nod,head_pan,left_e0,left_e1,left_s0,left_s1,left_w0,left_w1,left_w2,right_e0,right_e1,right_s0,right_s1,right_w0,right_w1,right_w2,torso_t0,0.0,-0.101242732,-0.707165143215,1.37559727154,-0.321368975062,-0.577160271442,0.568723377109,0.760470975594,-0.121184482243,0.90658264564,1.60070895216,-0.284169940956,-1.03121858466,-0.482820452987,1.12364092713,-0.209004882349,-12.5659871192,0.0,0.0172787595915,0.45199664295,-0.402909257747,-0.614181363662,0.356963465197,0.349894881728,0.012566370612,-0.0239546439791,0.0047123889795,-0.0078539816325,-0.00078539816325,-0.0015707963265,0.0121736715304,-0.00196349540813,-0.0145298660201,0.0,0.0,0.0,-12.92,-10.028,-0.124,-19.884,-0.26,-0.396,0.196,10.196,-14.784,0.404,-19.496,-0.032,-0.168,-0.224,-20.48,0,0,/base,/head_1,1.22306361074,0.0333517535583,0.504606232264,0.235859770667,0.608025271968,0.582863418811,0.484711947698,0,0,/base,/neck_1,1.27653710508,-0.00687285112537,0.324447967808,0.235859770667,0.608025271968,0.582863418811,0.484711947698,0,0,/base,/torso_1,1.32748418079,-0.049639679177,0.152087284854,0.232924917325,0.613791592654,0.574469581159,0.488866611663,0,0,/base,/left_shoulder_1,1.22581396638,0.0971035258412,0.283661446886,-0.0758120959457,0.779334294879,0.464196113641,0.414019988666,0,0,/base,/left_elbow_1,1.07479814898,0.15936574881,0.116268121806,-0.0387965139082,0.82452146786,0.488960655035,0.282093348688,0,0,/base,/left_hand_1,0.872710189199,0.210473596206,-0.0050864851803,-0.507826260114,0.52037540413,-0.464935591907,0.505130501646,0,0,/base,/right_shoulder_1,1.32726030454,-0.11084923734,0.365234477011,0.392121059838,-0.225277711713,0.777012361511,0.437884479167,0,0,/base,/right_elbow_1,1.40572282249,-0.238780369995,0.160402574429,0.54991781152,-0.276195728755,0.663530559959,0.42548033561,0,0,/base,/right_hand_1,1.41371540369,-0.301745473597,-0.0724700173007,-0.507826260114,0.52037540413,-0.464935591907,0.505130501646,0,0,/base,/left_hip_1,1.34307160909,-0.0199236397833,-0.0487060478948,0.520375404018,0.507826260298,0.505130501884,0.464935591573,0,0,/base,/left_knee_1,1.3213348592,-0.000744226535789,-0.417150201456,0.520363053744,0.507840815375,0.505151510598,0.464910690217,0,0,/base,/left_foot_1,1.30043117957,0.0177034661205,-0.771422927089,-0.507826260114,0.52037540413,-0.464935591907,0.505130501646,0,0,/base,/right_hip_1,1.41379090393,-0.164889374674,0.00815925169449,0.183556590014,0.784055549016,0.588676981664,0.0708751407591,0,0,/base,/right_knee_1,1.33849202591,-0.253134262067,-0.341504365898,-0.159270404907,0.700607198396,0.613021879593,-0.328613248086,0,0,/base,/right_foot_1,1.27548382176,-0.322436189157,-0.679347758135,-0.507826260114,0.52037540413,-0.464935591907,0.505130501646,0,0,/base,left_hand,0.78877154492,0.238319422771,0.117313365351,0.093761385095,0.986026360647,-0.0754130210936,0.115211522968,0,0,/base,right_hand,0.62304305423,-0.523359507988,0.316980322189,-0.0753850804934,0.995742086999,-0.0239264527115,0.0473530429605
1522314866701191660,19102,1522314866697150945,,205572,1522314866696250915,0,243,97,380,65,134,557,158,453,206099,1522314866689454078,base,-607.0,9379.0,-9006.0,9949.0,0.0,0.0,0.0,0.0,0.0,0.0,0.0,0.0,0.0,691.0,224.0,139.0,0.0,0.0,0.0,0.0,0.0,0.0,0.0,0.0,0.0,-1510.0,-1279.0,699.0,0.0,0.0,0.0,0.0,0.0,0.0,0.0,0.0,0.0,0,0,,0.0,0.0,0.0,0.0,0.0,0.0,0.0,0.0,0.0,0.0,0.0,0.0,0.0,0.0,0.0,0.0,0.0,0.0,0.0,963960,1522314866630493030,,head_nod,head_pan,left_e0,left_e1,left_s0,left_s1,left_w0,left_w1,left_w2,right_e0,right_e1,right_s0,right_s1,right_w0,right_w1,right_w2,torso_t0,0.0,-0.101626227197,-0.691058344942,1.35833998767,-0.34437868688,-0.564888425139,0.584063184987,0.761621461185,-0.121951472637,0.90658264564,1.60070895216,-0.284169940956,-1.03160207985,-0.482053462593,1.12325743193,-0.208621387152,-12.5659871192,0.0,-0.00746128255088,0.428041998971,-0.446106156726,-0.603971187539,0.351858377136,0.369529835809,0.0294524311219,-0.0306305283668,0.00117809724488,-0.0047123889795,-0.006283185306,-0.0192422549996,0.00589048622438,-0.0168860605099,-0.0113882733671,0.0,0.0,0.0,-12.788,-10.188,-0.28,-20.048,-0.18,-0.64,0.26,10.356,-14.812,0.28,-19.468,-0.024,-0.188,-0.224,-20.48,0,0,/base,/head_1,1.22043100285,0.0380937759083,0.503034354147,0.230160773329,0.612178285607,0.58140744225,0.483972262788,0,0,/base,/neck_1,1.27442536666,-0.00379787414569,0.323438954343,0.230160773329,0.612178285607,0.58140744225,0.483972262788,0,0,/base,/torso_1,1.32674196363,-0.0482270067139,0.151912243109,0.225421781558,0.617048474777,0.573546108003,0.48936802324,0,0,/base,/left_shoulder_1,1.22297893028,0.0991882511595,0.281077529751,-0.0773710900625,0.77958779766,0.463645917793,0.413870804813,0,0,/base,/left_elbow_1,1.07143099531,0.160972982154,0.112719839633,-0.032881716566,0.818243363404,0.491802716161,0.29584908203,0,0,/base,/left_hand_1,0.87289295727,0.218206566013,-0.0119107143278,-0.507826260114,0.52037540413,-0.464935591907,0.505130501646,0,0,/base,/right_shoulder_1,1.32587180314,-0.106784003259,0.365800378731,0.387474366548,-0.220991434512,0.782903859118,0.433691074981,0,0,/base,/right_elbow_1,1.40754480305,-0.234971269251,0.164264339454,0.546083507339,-0.27281056421,0.672821066129,0.417946183186,0,0,/base,/right_hand_1,1.42063820894,-0.298823829384,-0.0682242737319,-0.507826260114,0.52037540413,-0.464935591907,0.505130501646,0,0,/base,/left_hip_1,1.34324816489,-0.0209702636853,-0.04910111067,0.52037540404,0.507826260261,0.505130501836,0.46493559164,0,0,/base,/left_knee_1,1.3215114141,-0.00179084964597,-0.417545279443,0.520364288816,0.507839359881,0.505149409735,0.464913180416,0,0,/base,/left_foot_1,1.30060811565,0.0166562520337,-0.771818058328,-0.507826260114,0.52037540413,-0.464935591907,0.505130501646,0,0,/base,/right_hip_1,1.41486895593,-0.164341999647,0.00987217523613,0.179693674619,0.793850382681,0.576519763089,0.0716708866068,0,0,/base,/right_knee_1,1.34012721103,-0.264165969948,-0.337207578911,-0.149191894557,0.713896222429,0.59380069806,-0.339845101751,0,0,/base,/right_foot_1,1.27295753863,-0.3523760741,-0.671752326857,-0.507826260114,0.52037540413,-0.464935591907,0.505130501646,0,0,/base,left_hand,0.78877154492,0.238319422771,0.117313365351,0.093761385095,0.986026360647,-0.0754130210936,0.115211522968,0,0,/base,right_hand,0.62304305423,-0.523359507988,0.316980322189,-0.0753850804934,0.995742086999,-0.0239264527115,0.0473530429605
1522314866741167278,19264,1522314866700686931,,205572,1522314866696250915,0,243,97,380,65,134,557,158,453,206099,1522314866689454078,base,-607.0,9379.0,-9006.0,9949.0,0.0,0.0,0.0,0.0,0.0,0.0,0.0,0.0,0.0,691.0,224.0,139.0,0.0,0.0,0.0,0.0,0.0,0.0,0.0,0.0,0.0,-1510.0,-1279.0,699.0,0.0,0.0,0.0,0.0,0.0,0.0,0.0,0.0,0.0,0,0,,0.0,0.0,0.0,0.0,0.0,0.0,0.0,0.0,0.0,0.0,0.0,0.0,0.0,0.0,0.0,0.0,0.0,0.0,0.0,963959,1522314866620455507,,head_nod,head_pan,left_e0,left_e1,left_s0,left_s1,left_w0,left_w1,left_w2,right_e0,right_e1,right_s0,right_s1,right_w0,right_w1,right_w2,torso_t0,0.0,-0.101626227197,-0.694126306518,1.36255843484,-0.339009754123,-0.567572891518,0.580228233018,0.761237965988,-0.12156797744,0.906966140837,1.60070895216,-0.28493693135,-1.03160207985,-0.482053462593,1.12364092713,-0.209004882349,-12.5659871192,0.0,0.00863937979575,0.427256600808,-0.442964564073,-0.615752159988,0.328296432239,0.381310808258,0.053407075101,-0.0180641577548,-0.0164933614283,0.0168860605099,0.00667588438763,0.0102101761223,-0.00706858346925,0.0133517687753,0.0239546439791,0.0,0.0,0.0,-12.724,-10.22,-0.308,-20.116,-0.2,-0.6,0.252,10.26,-14.812,0.28,-19.468,-0.032,-0.188,-0.24,-20.48,0,0,/base,/head_1,1.22043100285,0.0380937759083,0.503034354147,0.230160773329,0.612178285607,0.58140744225,0.483972262788,0,0,/base,/neck_1,1.27442536666,-0.00379787414569,0.323438954343,0.230160773329,0.612178285607,0.58140744225,0.483972262788,0,0,/base,/torso_1,1.32674196363,-0.0482270067139,0.151912243109,0.225421781558,0.617048474777,0.573546108003,0.48936802324,0,0,/base,/left_shoulder_1,1.22297893028,0.0991882511595,0.281077529751,-0.0773710900625,0.77958779766,0.463645917793,0.413870804813,0,0,/base,/left_elbow_1,1.07143099531,0.160972982154,0.112719839633,-0.032881716566,0.818243363404,0.491802716161,0.29584908203,0,0,/base,/left_hand_1,0.87289295727,0.218206566013,-0.0119107143278,-0.507826260114,0.52037540413,-0.464935591907,0.505130501646,0,0,/base,/right_shoulder_1,1.32587180314,-0.106784003259,0.365800378731,0.387474366548,-0.220991434512,0.782903859118,0.433691074981,0,0,/base,/right_elbow_1,1.40754480305,-0.234971269251,0.164264339454,0.546083507339,-0.27281056421,0.672821066129,0.417946183186,0,0,/base,/right_hand_1,1.42063820894,-0.298823829384,-0.0682242737319,-0.507826260114,0.52037540413,-0.464935591907,0.505130501646,0,0,/base,/left_hip_1,1.34324816489,-0.0209702636853,-0.04910111067,0.52037540404,0.507826260261,0.505130501836,0.46493559164,0,0,/base,/left_knee_1,1.3215114141,-0.00179084964597,-0.417545279443,0.520364288816,0.507839359881,0.505149409735,0.464913180416,0,0,/base,/left_foot_1,1.30060811565,0.0166562520337,-0.771818058328,-0.507826260114,0.52037540413,-0.464935591907,0.505130501646,0,0,/base,/right_hip_1,1.41486895593,-0.164341999647,0.00987217523613,0.179693674619,0.793850382681,0.576519763089,0.0716708866068,0,0,/base,/right_knee_1,1.34012721103,-0.264165969948,-0.337207578911,-0.149191894557,0.713896222429,0.59380069806,-0.339845101751,0,0,/base,/right_foot_1,1.27295753863,-0.3523760741,-0.671752326857,-0.507826260114,0.52037540413,-0.464935591907,0.505130501646,0,0,/base,left_hand,0.78877154492,0.238319422771,0.117313365351,0.093761385095,0.986026360647,-0.0754130210936,0.115211522968,0,0,/base,right_hand,0.62304305423,-0.523359507988,0.316980322189,-0.0753850804934,0.995742086999,-0.0239264527115,0.0473530429605
1522314866741178252,19265,1522314866722310066,,205573,1522314866718904972,0,251,78,331,62,136,498,178,437,206100,1522314866703694105,base,-497.0,9352.0,-9042.0,9947.0,0.0,0.0,0.0,0.0,0.0,0.0,0.0,0.0,0.0,559.0,220.0,120.0,0.0,0.0,0.0,0.0,0.0,0.0,0.0,0.0,0.0,-1515.0,-1263.0,690.0,0.0,0.0,0.0,0.0,0.0,0.0,0.0,0.0,0.0,0,0,,0.0,0.0,0.0,0.0,0.0,0.0,0.0,0.0,0.0,0.0,0.0,0.0,0.0,0.0,0.0,0.0,0.0,0.0,0.0,963963,1522314866660461167,,head_nod,head_pan,left_e0,left_e1,left_s0,left_s1,left_w0,left_w1,left_w2,right_e0,right_e1,right_s0,right_s1,right_w0,right_w1,right_w2,torso_t0,0.0,-0.101626227197,-0.678786498639,1.34683513176,-0.360485485153,-0.555301045215,0.593650564912,0.761237965988,-0.122334967834,0.90658264564,1.59994196176,-0.284169940956,-1.03121858466,-0.481669967396,1.12364092713,-0.207854396758,-12.5659871192,0.0,0.00235619448975,0.371886030299,-0.444928059481,-0.569020969275,0.345182492748,0.36481744683,-0.037699111836,-0.0435895980604,-0.0106028752039,0.0176714586731,0.0137444678569,-0.00510508806113,0.0208130513261,0.00589048622438,0.003141592653,0.0,0.0,0.0,-12.692,-10.28,-0.124,-20.212,-0.216,-0.58,0.24,10.136,-14.812,0.372,-19.436,-0.016,-0.228,-0.224,-20.48,0,0,/base,/head_1,1.21676992008,0.0425580521959,0.499267903639,0.224559229142,0.614741384967,0.580390822043,0.48457473717,0,0,/base,/neck_1,1.2716040998,-0.000607350492113,0.320987352816,0.224559229142,0.614741384967,0.580390822043,0.48457473717,0,0,/base,/torso_1,1.32499625941,-0.0463097631835,0.150121784126,0.2197769027,0.619374510117,0.572735789762,0.489945960675,0,0,/base,/left_shoulder_1,1.21967693955,0.101639748391,0.277418258872,-0.077679220612,0.780350553246,0.463685406442,0.412328505669,0,0,/base,/left_elbow_1,1.06835149142,0.162633893184,0.110290748365,-0.0271132404368,0.81198114374,0.494425410132,0.309022666189,0,0,/base,/left_hand_1,0.873445369147,0.225760207658,-0.0173036335943,-0.507826260114,0.52037540413,-0.464935591907,0.505130501646,0,0,/base,/right_shoulder_1,1.32353126034,-0.102854460799,0.364556446148,0.381872615411,-0.216531030994,0.788059624771,0.431566502433,0,0,/base,/right_elbow_1,1.40757481922,-0.231686181712,0.167171547542,0.539023868195,-0.269854010474,0.682592825848,0.413157496179,0,0,/base,/right_hand_1,1.42629115659,-0.297638165479,-0.0643674453226,-0.507826260114,0.52037540413,-0.464935591907,0.505130501646,0,0,/base,/left_hip_1,1.34226946895,-0.0208923707195,-0.0510490484462,0.520375404058,0.507826260232,0.505130501798,0.464935591693,0,0,/base,/left_knee_1,1.32053271816,-0.00171295668012,-0.419493217219,0.520365400375,0.50783804993,0.505147518952,0.46491542159,0,0,/base,/left_foot_1,1.29962967768,0.0167336037751,-0.773766039496,-0.507826260114,0.52037540413,-0.464935591907,0.505130501646,0,0,/base,/right_hip_1,1.41450736908,-0.16313198103,0.00956147931639,0.18273211894,0.790398663476,0.581134480401,0.0645107833707,0,0,/base,/right_knee_1,1.3355546714,-0.258289805001,-0.338252954464,-0.1406868496,0.711967355143,0.597000948494,-0.341905780965,0,0,/base,/right_foot_1,1.26198712511,-0.345900478774,-0.673096980218,-0.507826260114,0.52037540413,-0.464935591907,0.505130501646,0,0,/base,left_hand,0.790553981937,0.234859927523,0.111478715726,0.0992777654417,0.986104684351,-0.0699041985254,0.1133793624,0,0,/base,right_hand,0.622726273088,-0.523571066318,0.317079472845,-0.0754633488465,0.995744088532,-0.024469348351,0.0469067599044
1522314866741183598,19103,1522314866719105958,,205573,1522314866718904972,0,251,78,331,62,136,498,178,437,206100,1522314866703694105,base,-497.0,9352.0,-9042.0,9947.0,0.0,0.0,0.0,0.0,0.0,0.0,0.0,0.0,0.0,559.0,220.0,120.0,0.0,0.0,0.0,0.0,0.0,0.0,0.0,0.0,0.0,-1515.0,-1263.0,690.0,0.0,0.0,0.0,0.0,0.0,0.0,0.0,0.0,0.0,0,0,,0.0,0.0,0.0,0.0,0.0,0.0,0.0,0.0,0.0,0.0,0.0,0.0,0.0,0.0,0.0,0.0,0.0,0.0,0.0,963961,1522314866640496953,,head_nod,head_pan,left_e0,left_e1,left_s0,left_s1,left_w0,left_w1,left_w2,right_e0,right_e1,right_s0,right_s1,right_w0,right_w1,right_w2,torso_t0,0.0,-0.101242732,-0.68760688817,1.3548885309,-0.350898105229,-0.560669977972,0.586364156169,0.763155441973,-0.121184482243,0.907733131231,1.60070895216,-0.284169940956,-1.03198557505,-0.482820452987,1.12440791752,-0.208621387152,-12.5659871192,0.0,0.00746128255088,0.424507707237,-0.449640448461,-0.56313048305,0.332616122136,0.370315233972,0.0176714586731,-0.0537997741826,0.00117809724488,-0.0168860605099,-0.00589048622438,0.0106028752039,-0.0227765467343,-0.012566370612,0.0047123889795,0.0,0.0,0.0,-12.756,-10.188,-0.06,-20.016,-0.18,-0.648,0.252,10.168,-14.812,0.28,-19.468,-0.032,-0.22,-0.24,-20.48,0,0,/base,/head_1,1.21676992008,0.0425580521959,0.499267903639,0.224559229142,0.614741384967,0.580390822043,0.48457473717,0,0,/base,/neck_1,1.2716040998,-0.000607350492113,0.320987352816,0.224559229142,0.614741384967,0.580390822043,0.48457473717,0,0,/base,/torso_1,1.32499625941,-0.0463097631835,0.150121784126,0.2197769027,0.619374510117,0.572735789762,0.489945960675,0,0,/base,/left_shoulder_1,1.21967693955,0.101639748391,0.277418258872,-0.077679220612,0.780350553246,0.463685406442,0.412328505669,0,0,/base,/left_elbow_1,1.06835149142,0.162633893184,0.110290748365,-0.0271132404368,0.81198114374,0.494425410132,0.309022666189,0,0,/base,/left_hand_1,0.873445369147,0.225760207658,-0.0173036335943,-0.507826260114,0.52037540413,-0.464935591907,0.505130501646,0,0,/base,/right_shoulder_1,1.32353126034,-0.102854460799,0.364556446148,0.381872615411,-0.216531030994,0.788059624771,0.431566502433,0,0,/base,/right_elbow_1,1.40757481922,-0.231686181712,0.167171547542,0.539023868195,-0.269854010474,0.682592825848,0.413157496179,0,0,/base,/right_hand_1,1.42629115659,-0.297638165479,-0.0643674453226,-0.507826260114,0.52037540413,-0.464935591907,0.505130501646,0,0,/base,/left_hip_1,1.34226946895,-0.0208923707195,-0.0510490484462,0.520375404058,0.507826260232,0.505130501798,0.464935591693,0,0,/base,/left_knee_1,1.32053271816,-0.00171295668012,-0.419493217219,0.520365400375,0.50783804993,0.505147518952,0.46491542159,0,0,/base,/left_foot_1,1.29962967768,0.0167336037751,-0.773766039496,-0.507826260114,0.52037540413,-0.464935591907,0.505130501646,0,0,/base,/right_hip_1,1.41450736908,-0.16313198103,0.00956147931639,0.18273211894,0.790398663476,0.581134480401,0.0645107833707,0,0,/base,/right_knee_1,1.3355546714,-0.258289805001,-0.338252954464,-0.1406868496,0.711967355143,0.597000948494,-0.341905780965,0,0,/base,/right_foot_1,1.26198712511,-0.345900478774,-0.673096980218,-0.507826260114,0.52037540413,-0.464935591907,0.505130501646,0,0,/base,left_hand,0.790553981937,0.234859927523,0.111478715726,0.0992777654417,0.986104684351,-0.0699041985254,0.1133793624,0,0,/base,right_hand,0.622726273088,-0.523571066318,0.317079472845,-0.0754633488465,0.995744088532,-0.024469348351,0.0469067599044
1522314866741205081,19104,1522314866737534999,,205574,1522314866733936071,0,245,81,338,63,149,498,184,394,206101,1522314866726347923,base,-402.0,9341.0,-9072.0,9935.0,0.0,0.0,0.0,0.0,0.0,0.0,0.0,0.0,0.0,438.0,258.0,72.0,0.0,0.0,0.0,0.0,0.0,0.0,0.0,0.0,0.0,-1629.0,-1366.0,743.0,0.0,0.0,0.0,0.0,0.0,0.0,0.0,0.0,0.0,0,0,,0.0,0.0,0.0,0.0,0.0,0.0,0.0,0.0,0.0,0.0,0.0,0.0,0.0,0.0,0.0,0.0,0.0,0.0,0.0,963964,1522314866670495448,,head_nod,head_pan,left_e0,left_e1,left_s0,left_s1,left_w0,left_w1,left_w2,right_e0,right_e1,right_s0,right_s1,right_w0,right_w1,right_w2,torso_t0,0.0,-0.101626227197,-0.67610203226,1.3426166846,-0.366237913108,-0.552233083639,0.597102021684,0.762004956382,-0.122718463031,0.90658264564,1.60070895216,-0.284169940956,-1.03160207985,-0.481669967396,1.12364092713,-0.208621387152,-12.5659871192,0.0,0.00235619448975,0.393091780707,-0.440215670502,-0.564701279377,0.288633824994,0.36481744683,-0.0106028752039,-0.0302378292851,0.00117809724488,-0.0227765467343,0.0180641577548,0.00078539816325,-0.00706858346925,-0.00353429173463,-0.015707963265,0.0,0.0,0.0,-12.856,-10.376,-0.248,-20.344,-0.164,-0.62,0.252,10.26,-14.812,0.308,-19.436,-0.032,-0.2,-0.232,-20.48,0,0,/base,/head_1,1.21676992008,0.0425580521959,0.499267903639,0.224559229142,0.614741384967,0.580390822043,0.48457473717,0,0,/base,/neck_1,1.2716040998,-0.000607350492113,0.320987352816,0.224559229142,0.614741384967,0.580390822043,0.48457473717,0,0,/base,/torso_1,1.32499625941,-0.0463097631835,0.150121784126,0.2197769027,0.619374510117,0.572735789762,0.489945960675,0,0,/base,/left_shoulder_1,1.21967693955,0.101639748391,0.277418258872,-0.077679220612,0.780350553246,0.463685406442,0.412328505669,0,0,/base,/left_elbow_1,1.06835149142,0.162633893184,0.110290748365,-0.0271132404368,0.81198114374,0.494425410132,0.309022666189,0,0,/base,/left_hand_1,0.873445369147,0.225760207658,-0.0173036335943,-0.507826260114,0.52037540413,-0.464935591907,0.505130501646,0,0,/base,/right_shoulder_1,1.32353126034,-0.102854460799,0.364556446148,0.381872615411,-0.216531030994,0.788059624771,0.431566502433,0,0,/base,/right_elbow_1,1.40757481922,-0.231686181712,0.167171547542,0.539023868195,-0.269854010474,0.682592825848,0.413157496179,0,0,/base,/right_hand_1,1.42629115659,-0.297638165479,-0.0643674453226,-0.507826260114,0.52037540413,-0.464935591907,0.505130501646,0,0,/base,/left_hip_1,1.34226946895,-0.0208923707195,-0.0510490484462,0.520375404058,0.507826260232,0.505130501798,0.464935591693,0,0,/base,/left_knee_1,1.32053271816,-0.00171295668012,-0.419493217219,0.520365400375,0.50783804993,0.505147518952,0.46491542159,0,0,/base,/left_foot_1,1.29962967768,0.0167336037751,-0.773766039496,-0.507826260114,0.52037540413,-0.464935591907,0.505130501646,0,0,/base,/right_hip_1,1.41450736908,-0.16313198103,0.00956147931639,0.18273211894,0.790398663476,0.581134480401,0.0645107833707,0,0,/base,/right_knee_1,1.3355546714,-0.258289805001,-0.338252954464,-0.1406868496,0.711967355143,0.597000948494,-0.341905780965,0,0,/base,/right_foot_1,1.26198712511,-0.345900478774,-0.673096980218,-0.507826260114,0.52037540413,-0.464935591907,0.505130501646,0,0,/base,left_hand,0.793484386219,0.233183277942,0.106822150915,0.103477715574,0.986040589567,-0.0635390793579,0.113925868439,0,0,/base,right_hand,0.622662572134,-0.523846643357,0.316708902285,-0.074763259503,0.995804658819,-0.0239662005152,0.0470016780093
1522314866781153934,19266,1522314866740319967,,205574,1522314866733936071,0,245,81,338,63,149,498,184,394,206101,1522314866726347923,base,-402.0,9341.0,-9072.0,9935.0,0.0,0.0,0.0,0.0,0.0,0.0,0.0,0.0,0.0,438.0,258.0,72.0,0.0,0.0,0.0,0.0,0.0,0.0,0.0,0.0,0.0,-1629.0,-1366.0,743.0,0.0,0.0,0.0,0.0,0.0,0.0,0.0,0.0,0.0,0,0,,0.0,0.0,0.0,0.0,0.0,0.0,0.0,0.0,0.0,0.0,0.0,0.0,0.0,0.0,0.0,0.0,0.0,0.0,0.0,963964,1522314866670495448,,head_nod,head_pan,left_e0,left_e1,left_s0,left_s1,left_w0,left_w1,left_w2,right_e0,right_e1,right_s0,right_s1,right_w0,right_w1,right_w2,torso_t0,0.0,-0.101626227197,-0.67610203226,1.3426166846,-0.366237913108,-0.552233083639,0.597102021684,0.762004956382,-0.122718463031,0.90658264564,1.60070895216,-0.284169940956,-1.03160207985,-0.481669967396,1.12364092713,-0.208621387152,-12.5659871192,0.0,0.00235619448975,0.393091780707,-0.440215670502,-0.564701279377,0.288633824994,0.36481744683,-0.0106028752039,-0.0302378292851,0.00117809724488,-0.0227765467343,0.0180641577548,0.00078539816325,-0.00706858346925,-0.00353429173463,-0.015707963265,0.0,0.0,0.0,-12.856,-10.376,-0.248,-20.344,-0.164,-0.62,0.252,10.26,-14.812,0.308,-19.436,-0.032,-0.2,-0.232,-20.48,0,0,/base,/head_1,1.21676992008,0.0425580521959,0.499267903639,0.224559229142,0.614741384967,0.580390822043,0.48457473717,0,0,/base,/neck_1,1.2716040998,-0.000607350492113,0.320987352816,0.224559229142,0.614741384967,0.580390822043,0.48457473717,0,0,/base,/torso_1,1.32499625941,-0.0463097631835,0.150121784126,0.2197769027,0.619374510117,0.572735789762,0.489945960675,0,0,/base,/left_shoulder_1,1.21967693955,0.101639748391,0.277418258872,-0.077679220612,0.780350553246,0.463685406442,0.412328505669,0,0,/base,/left_elbow_1,1.06835149142,0.162633893184,0.110290748365,-0.0271132404368,0.81198114374,0.494425410132,0.309022666189,0,0,/base,/left_hand_1,0.873445369147,0.225760207658,-0.0173036335943,-0.507826260114,0.52037540413,-0.464935591907,0.505130501646,0,0,/base,/right_shoulder_1,1.32353126034,-0.102854460799,0.364556446148,0.381872615411,-0.216531030994,0.788059624771,0.431566502433,0,0,/base,/right_elbow_1,1.40757481922,-0.231686181712,0.167171547542,0.539023868195,-0.269854010474,0.682592825848,0.413157496179,0,0,/base,/right_hand_1,1.42629115659,-0.297638165479,-0.0643674453226,-0.507826260114,0.52037540413,-0.464935591907,0.505130501646,0,0,/base,/left_hip_1,1.34226946895,-0.0208923707195,-0.0510490484462,0.520375404058,0.507826260232,0.505130501798,0.464935591693,0,0,/base,/left_knee_1,1.32053271816,-0.00171295668012,-0.419493217219,0.520365400375,0.50783804993,0.505147518952,0.46491542159,0,0,/base,/left_foot_1,1.29962967768,0.0167336037751,-0.773766039496,-0.507826260114,0.52037540413,-0.464935591907,0.505130501646,0,0,/base,/right_hip_1,1.41450736908,-0.16313198103,0.00956147931639,0.18273211894,0.790398663476,0.581134480401,0.0645107833707,0,0,/base,/right_knee_1,1.3355546714,-0.258289805001,-0.338252954464,-0.1406868496,0.711967355143,0.597000948494,-0.341905780965,0,0,/base,/right_foot_1,1.26198712511,-0.345900478774,-0.673096980218,-0.507826260114,0.52037540413,-0.464935591907,0.505130501646,0,0,/base,left_hand,0.793484386219,0.233183277942,0.106822150915,0.103477715574,0.986040589567,-0.0635390793579,0.113925868439,0,0,/base,right_hand,0.622662572134,-0.523846643357,0.316708902285,-0.074763259503,0.995804658819,-0.0239662005152,0.0470016780093
1522314866781178788,19267,1522314866762466907,,205575,1522314866756272077,0,229,83,338,63,142,452,195,370,206102,1522314866749263048,base,-316.0,9325.0,-9107.0,9922.0,0.0,0.0,0.0,0.0,0.0,0.0,0.0,0.0,0.0,480.0,209.0,69.0,0.0,0.0,0.0,0.0,0.0,0.0,0.0,0.0,0.0,-1580.0,-1435.0,694.0,0.0,0.0,0.0,0.0,0.0,0.0,0.0,0.0,0.0,0,0,,0.0,0.0,0.0,0.0,0.0,0.0,0.0,0.0,0.0,0.0,0.0,0.0,0.0,0.0,0.0,0.0,0.0,0.0,0.0,963966,1522314866690499606,,head_nod,head_pan,left_e0,left_e1,left_s0,left_s1,left_w0,left_w1,left_w2,right_e0,right_e1,right_s0,right_s1,right_w0,right_w1,right_w2,torso_t0,0.0,-0.101242732,-0.669582613912,1.33341279987,-0.376975778623,-0.547247646078,0.604388430427,0.761621461185,-0.123868948622,0.906966140837,1.60070895216,-0.28493693135,-1.03160207985,-0.48243695779,1.12325743193,-0.208237891955,-12.5659871192,0.0,0.000392699081625,0.35774886336,-0.438252175094,-0.565093978458,0.287063028668,0.352643775299,0.00746128255088,-0.00274889357138,0.0145298660201,0.0078539816325,-0.0325940237749,0.0113882733671,-0.0102101761223,-0.00510508806113,0.0106028752039,0.0,0.0,0.0,-12.692,-10.252,-0.56,-20.312,-0.148,-0.648,0.26,10.196,-14.812,0.372,-19.468,-0.016,-0.208,-0.212,-20.48,0,0,/base,/head_1,1.21397597415,0.0453311207644,0.496890037552,0.219824243428,0.617823368951,0.580476744668,0.482719727874,0,0,/base,/neck_1,1.26955317673,0.00117226298727,0.31802411604,0.219824243428,0.617823368951,0.580476744668,0.482719727874,0,0,/base,/torso_1,1.32372025732,-0.0458257933549,0.147751383313,0.213853476647,0.622802675033,0.571918696515,0.489175350028,0,0,/base,/left_shoulder_1,1.21681050466,0.102492993126,0.273285354005,-0.0761984751893,0.780314907569,0.46461500642,0.411625233936,0,0,/base,/left_elbow_1,1.06525158092,0.163996289034,0.106866425013,-0.0307609499005,0.80368321831,0.492890036982,0.331973583306,0,0,/base,/left_hand_1,0.877660263251,0.231007851125,-0.029160949698,-0.507826260114,0.52037540413,-0.464935591907,0.505130501646,0,0,/base,/right_shoulder_1,1.32229578749,-0.100148453699,0.362762882392,0.377660902302,-0.210746404779,0.793028320101,0.42902713115,0,0,/base,/right_elbow_1,1.40844120125,-0.229703584478,0.168951251344,0.537740644302,-0.266766160645,0.688508356364,0.4069730436,0,0,/base,/right_hand_1,1.43028048494,-0.295767055139,-0.0623524802137,-0.507826260114,0.52037540413,-0.464935591907,0.505130501646,0,0,/base,/left_hip_1,1.34121437223,-0.0223736842003,-0.0536290350852,0.520375404073,0.507826260208,0.505130501768,0.464935591736,0,0,/base,/left_knee_1,1.31947762323,-0.00319427174467,-0.422073173435,0.520366400773,0.507836870969,0.505145817242,0.464917438642,0,0,/base,/left_foot_1,1.2985747173,0.015251804854,-0.776346028837,-0.507826260114,0.52037540413,-0.464935591907,0.505130501646,0,0,/base,/right_hip_1,1.41456030377,-0.16327402281,0.00858633585029,0.18289306097,0.787992097871,0.58502023879,0.0580508582874,0,0,/base,/right_knee_1,1.33318982693,-0.25509237441,-0.339778933125,-0.136549695658,0.710049089373,0.599669084528,-0.342901531576,0,0,/base,/right_foot_1,1.25612309563,-0.341435653181,-0.674949069997,-0.507826260114,0.52037540413,-0.464935591907,0.505130501646,0,0,/base,left_hand,0.79602232793,0.231329888784,0.104695366153,0.106613978669,0.985832317557,-0.0594111917842,0.115058296111,0,0,/base,right_hand,0.622616754885,-0.524265945655,0.316794415642,-0.074500242073,0.995805425066,-0.0243016594329,0.047230273011
1522314866781181950,19105,1522314866756467103,,205575,1522314866756272077,0,229,83,338,63,142,452,195,370,206102,1522314866749263048,base,-316.0,9325.0,-9107.0,9922.0,0.0,0.0,0.0,0.0,0.0,0.0,0.0,0.0,0.0,480.0,209.0,69.0,0.0,0.0,0.0,0.0,0.0,0.0,0.0,0.0,0.0,-1580.0,-1435.0,694.0,0.0,0.0,0.0,0.0,0.0,0.0,0.0,0.0,0.0,0,0,,0.0,0.0,0.0,0.0,0.0,0.0,0.0,0.0,0.0,0.0,0.0,0.0,0.0,0.0,0.0,0.0,0.0,0.0,0.0,963966,1522314866690499606,,head_nod,head_pan,left_e0,left_e1,left_s0,left_s1,left_w0,left_w1,left_w2,right_e0,right_e1,right_s0,right_s1,right_w0,right_w1,right_w2,torso_t0,0.0,-0.101242732,-0.669582613912,1.33341279987,-0.376975778623,-0.547247646078,0.604388430427,0.761621461185,-0.123868948622,0.906966140837,1.60070895216,-0.28493693135,-1.03160207985,-0.48243695779,1.12325743193,-0.208237891955,-12.5659871192,0.0,0.000392699081625,0.35774886336,-0.438252175094,-0.565093978458,0.287063028668,0.352643775299,0.00746128255088,-0.00274889357138,0.0145298660201,0.0078539816325,-0.0325940237749,0.0113882733671,-0.0102101761223,-0.00510508806113,0.0106028752039,0.0,0.0,0.0,-12.692,-10.252,-0.56,-20.312,-0.148,-0.648,0.26,10.196,-14.812,0.372,-19.468,-0.016,-0.208,-0.212,-20.48,0,0,/base,/head_1,1.21397597415,0.0453311207644,0.496890037552,0.219824243428,0.617823368951,0.580476744668,0.482719727874,0,0,/base,/neck_1,1.26955317673,0.00117226298727,0.31802411604,0.219824243428,0.617823368951,0.580476744668,0.482719727874,0,0,/base,/torso_1,1.32372025732,-0.0458257933549,0.147751383313,0.213853476647,0.622802675033,0.571918696515,0.489175350028,0,0,/base,/left_shoulder_1,1.21681050466,0.102492993126,0.273285354005,-0.0761984751893,0.780314907569,0.46461500642,0.411625233936,0,0,/base,/left_elbow_1,1.06525158092,0.163996289034,0.106866425013,-0.0307609499005,0.80368321831,0.492890036982,0.331973583306,0,0,/base,/left_hand_1,0.877660263251,0.231007851125,-0.029160949698,-0.507826260114,0.52037540413,-0.464935591907,0.505130501646,0,0,/base,/right_shoulder_1,1.32229578749,-0.100148453699,0.362762882392,0.377660902302,-0.210746404779,0.793028320101,0.42902713115,0,0,/base,/right_elbow_1,1.40844120125,-0.229703584478,0.168951251344,0.537740644302,-0.266766160645,0.688508356364,0.4069730436,0,0,/base,/right_hand_1,1.43028048494,-0.295767055139,-0.0623524802137,-0.507826260114,0.52037540413,-0.464935591907,0.505130501646,0,0,/base,/left_hip_1,1.34121437223,-0.0223736842003,-0.0536290350852,0.520375404073,0.507826260208,0.505130501768,0.464935591736,0,0,/base,/left_knee_1,1.31947762323,-0.00319427174467,-0.422073173435,0.520366400773,0.507836870969,0.505145817242,0.464917438642,0,0,/base,/left_foot_1,1.2985747173,0.015251804854,-0.776346028837,-0.507826260114,0.52037540413,-0.464935591907,0.505130501646,0,0,/base,/right_hip_1,1.41456030377,-0.16327402281,0.00858633585029,0.18289306097,0.787992097871,0.58502023879,0.0580508582874,0,0,/base,/right_knee_1,1.33318982693,-0.25509237441,-0.339778933125,-0.136549695658,0.710049089373,0.599669084528,-0.342901531576,0,0,/base,/right_foot_1,1.25612309563,-0.341435653181,-0.674949069997,-0.507826260114,0.52037540413,-0.464935591907,0.505130501646,0,0,/base,left_hand,0.79602232793,0.231329888784,0.104695366153,0.106613978669,0.985832317557,-0.0594111917842,0.115058296111,0,0,/base,right_hand,0.622616754885,-0.524265945655,0.316794415642,-0.074500242073,0.995805425066,-0.0243016594329,0.047230273011
1522314866781209369,19106,1522314866780556917,,205576,1522314866778681993,0,227,81,340,71,135,368,195,402,206103,1522314866763884067,base,-230.0,9299.0,-9133.0,9924.0,0.0,0.0,0.0,0.0,0.0,0.0,0.0,0.0,0.0,441.0,147.0,106.0,0.0,0.0,0.0,0.0,0.0,0.0,0.0,0.0,0.0,-1522.0,-1262.0,724.0,0.0,0.0,0.0,0.0,0.0,0.0,0.0,0.0,0.0,0,0,,0.0,0.0,0.0,0.0,0.0,0.0,0.0,0.0,0.0,0.0,0.0,0.0,0.0,0.0,0.0,0.0,0.0,0.0,0.0,963966,1522314866690499606,,head_nod,head_pan,left_e0,left_e1,left_s0,left_s1,left_w0,left_w1,left_w2,right_e0,right_e1,right_s0,right_s1,right_w0,right_w1,right_w2,torso_t0,0.0,-0.101242732,-0.669582613912,1.33341279987,-0.376975778623,-0.547247646078,0.604388430427,0.761621461185,-0.123868948622,0.906966140837,1.60070895216,-0.28493693135,-1.03160207985,-0.48243695779,1.12325743193,-0.208237891955,-12.5659871192,0.0,0.000392699081625,0.35774886336,-0.438252175094,-0.565093978458,0.287063028668,0.352643775299,0.00746128255088,-0.00274889357138,0.0145298660201,0.0078539816325,-0.0325940237749,0.0113882733671,-0.0102101761223,-0.00510508806113,0.0106028752039,0.0,0.0,0.0,-12.692,-10.252,-0.56,-20.312,-0.148,-0.648,0.26,10.196,-14.812,0.372,-19.468,-0.016,-0.208,-0.212,-20.48,0,0,/base,/head_1,1.21043520989,0.0474167198726,0.495452974433,0.213671444197,0.619302337532,0.581815394375,0.481975077707,0,0,/base,/neck_1,1.2675442947,0.00274524358707,0.316802530434,0.213671444197,0.619302337532,0.581815394375,0.481975077707,0,0,/base,/torso_1,1.32309095911,-0.0448455503424,0.147137563419,0.207551895217,0.624488605313,0.572838625614,0.48866358738,0,0,/base,/left_shoulder_1,1.21402604206,0.103229603404,0.271101467831,-0.0755967030316,0.779066563841,0.46698797952,0.411415428222,0,0,/base,/left_elbow_1,1.06183905525,0.165613153132,0.104492707811,-0.0310134667297,0.795848363147,0.49393758947,0.348839799143,0,0,/base,/left_hand_1,0.879750073182,0.236848367013,-0.0368660174748,-0.507826260114,0.52037540413,-0.464935591907,0.505130501646,0,0,/base,/right_shoulder_1,1.32106248723,-0.0977391149929,0.362503611953,0.374994864708,-0.20656612834,0.796544237316,0.426880034745,0,0,/base,/right_elbow_1,1.40963494977,-0.229017474333,0.169072125381,0.536381628231,-0.266535980287,0.691234731994,0.404286860278,0,0,/base,/right_hand_1,1.43323677663,-0.29496771453,-0.0621403451983,-0.507826260114,0.52037540413,-0.464935591907,0.505130501646,0,0,/base,/left_hip_1,1.34143207011,-0.0225800379414,-0.0542985922442,0.520375404084,0.507826260189,0.505130501744,0.46493559177,0,0,/base,/left_knee_1,1.31969532112,-0.00340062548571,-0.422742730594,0.520367301127,0.507835809901,0.505144285699,0.464919253985,0,0,/base,/left_foot_1,1.2985747173,0.015251804854,-0.776346028837,-0.507826260114,0.52037540413,-0.464935591907,0.505130501646,0,0,/base,/right_hip_1,1.41456030377,-0.16327402281,0.00858633585029,0.18289306097,0.787992097871,0.58502023879,0.0580508582874,0,0,/base,/right_knee_1,1.33318982693,-0.25509237441,-0.339778933125,-0.136549695658,0.710049089373,0.599669084528,-0.342901531576,0,0,/base,/right_foot_1,1.25612309563,-0.341435653181,-0.674949069997,-0.507826260114,0.52037540413,-0.464935591907,0.505130501646,0,0,/base,left_hand,0.79602232793,0.231329888784,0.104695366153,0.106613978669,0.985832317557,-0.0594111917842,0.115058296111,0,0,/base,right_hand,0.622616754885,-0.524265945655,0.316794415642,-0.074500242073,0.995805425066,-0.0243016594329,0.047230273011
1522314866821175108,19268,1522314866781699895,,205576,1522314866778681993,0,227,81,340,71,135,368,195,402,206103,1522314866763884067,base,-230.0,9299.0,-9133.0,9924.0,0.0,0.0,0.0,0.0,0.0,0.0,0.0,0.0,0.0,441.0,147.0,106.0,0.0,0.0,0.0,0.0,0.0,0.0,0.0,0.0,0.0,-1522.0,-1262.0,724.0,0.0,0.0,0.0,0.0,0.0,0.0,0.0,0.0,0.0,0,0,,0.0,0.0,0.0,0.0,0.0,0.0,0.0,0.0,0.0,0.0,0.0,0.0,0.0,0.0,0.0,0.0,0.0,0.0,0.0,963968,1522314866710456650,,head_nod,head_pan,left_e0,left_e1,left_s0,left_s1,left_w0,left_w1,left_w2,right_e0,right_e1,right_s0,right_s1,right_w0,right_w1,right_w2,torso_t0,0.0,-0.101626227197,-0.661912709973,1.32497590554,-0.387330148941,-0.541495218124,0.611291343972,0.761621461185,-0.125019434213,0.906199150443,1.60070895216,-0.284553436153,-1.03160207985,-0.480902977002,1.12479141272,-0.209004882349,-12.5659871192,0.0,-0.00824668071413,0.361283155095,-0.457494430093,-0.519148185908,0.255647102138,0.340862802851,0.0192422549996,-0.065973445713,-0.006283185306,0.012566370612,0.00431968989788,0.003141592653,0.0109955742855,-0.0015707963265,0.00824668071413,0.0,0.0,0.0,-12.564,-10.312,-0.06,-20.212,-0.148,-0.668,0.268,10.196,-14.812,0.464,-19.468,-0.056,-0.188,-0.232,-20.48,0,0,/base,/head_1,1.21043520989,0.0474167198726,0.495452974433,0.213671444197,0.619302337532,0.581815394375,0.481975077707,0,0,/base,/neck_1,1.2675442947,0.00274524358707,0.316802530434,0.213671444197,0.619302337532,0.581815394375,0.481975077707,0,0,/base,/torso_1,1.32309095911,-0.0448455503424,0.147137563419,0.207551895217,0.624488605313,0.572838625614,0.48866358738,0,0,/base,/left_shoulder_1,1.21402604206,0.103229603404,0.271101467831,-0.0755967030316,0.779066563841,0.46698797952,0.411415428222,0,0,/base,/left_elbow_1,1.06183905525,0.165613153132,0.104492707811,-0.0310134667297,0.795848363147,0.49393758947,0.348839799143,0,0,/base,/left_hand_1,0.879750073182,0.236848367013,-0.0368660174748,-0.507826260114,0.52037540413,-0.464935591907,0.505130501646,0,0,/base,/right_shoulder_1,1.32106248723,-0.0977391149929,0.362503611953,0.374994864708,-0.20656612834,0.796544237316,0.426880034745,0,0,/base,/right_elbow_1,1.40963494977,-0.229017474333,0.169072125381,0.536381628231,-0.266535980287,0.691234731994,0.404286860278,0,0,/base,/right_hand_1,1.43323677663,-0.29496771453,-0.0621403451983,-0.507826260114,0.52037540413,-0.464935591907,0.505130501646,0,0,/base,/left_hip_1,1.34143207011,-0.0225800379414,-0.0542985922442,0.520375404084,0.507826260189,0.505130501744,0.46493559177,0,0,/base,/left_knee_1,1.31969532112,-0.00340062548571,-0.422742730594,0.520367301127,0.507835809901,0.505144285699,0.464919253985,0,0,/base,/left_foot_1,1.29879267017,0.0150450241265,-0.777015623266,-0.507826260114,0.52037540413,-0.464935591907,0.505130501646,0,0,/base,/right_hip_1,1.41584317784,-0.162292651394,0.00924380026349,0.182446865391,0.787607678747,0.586187318336,0.0526470655456,0,0,/base,/right_knee_1,1.33246820274,-0.253250323272,-0.338996459003,-0.132970123348,0.709637732022,0.600412481105,-0.343857656772,0,0,/base,/right_foot_1,1.25288695279,-0.339737861824,-0.673944637165,-0.507826260114,0.52037540413,-0.464935591907,0.505130501646,0,0,/base,left_hand,0.79602232793,0.231329888784,0.104695366153,0.106613978669,0.985832317557,-0.0594111917842,0.115058296111,0,0,/base,right_hand,0.622616754885,-0.524265945655,0.316794415642,-0.074500242073,0.995805425066,-0.0243016594329,0.047230273011
1522314866821202474,19269,1522314866803107023,,205577,1522314866793736934,0,161,72,312,69,128,342,188,413,206104,1522314866786180019,base,-170.0,9284.0,-9142.0,9931.0,0.0,0.0,0.0,0.0,0.0,0.0,0.0,0.0,0.0,220.0,127.0,94.0,0.0,0.0,0.0,0.0,0.0,0.0,0.0,0.0,0.0,-1475.0,-1174.0,826.0,0.0,0.0,0.0,0.0,0.0,0.0,0.0,0.0,0.0,0,0,,0.0,0.0,0.0,0.0,0.0,0.0,0.0,0.0,0.0,0.0,0.0,0.0,0.0,0.0,0.0,0.0,0.0,0.0,0.0,963969,1522314866720466536,,head_nod,head_pan,left_e0,left_e1,left_s0,left_s1,left_w0,left_w1,left_w2,right_e0,right_e1,right_s0,right_s1,right_w0,right_w1,right_w2,torso_t0,0.0,-0.101626227197,-0.658077758003,1.32037396317,-0.391932091305,-0.538810751745,0.613975810351,0.762771946776,-0.125786424607,0.906966140837,1.60109244736,-0.28493693135,-1.03121858466,-0.48243695779,1.12402442232,-0.207087406365,-12.5659871192,0.0,0.00117809724488,0.383667002748,-0.47123889795,-0.518362787745,0.252112810403,0.361283155095,0.0176714586731,-0.0907134878554,-0.0149225651018,-0.003141592653,-0.00078539816325,-0.0102101761223,0.00431968989788,0.00078539816325,0.0137444678569,0.0,0.0,0.0,-12.628,-10.376,-0.152,-20.28,-0.128,-0.688,0.268,10.26,-14.812,0.372,-19.496,-0.048,-0.2,-0.224,-20.48,0,0,/base,/head_1,1.21043520989,0.0474167198726,0.495452974433,0.213671444197,0.619302337532,0.581815394375,0.481975077707,0,0,/base,/neck_1,1.2675442947,0.00274524358707,0.316802530434,0.213671444197,0.619302337532,0.581815394375,0.481975077707,0,0,/base,/torso_1,1.32309095911,-0.0448455503424,0.147137563419,0.207551895217,0.624488605313,0.572838625614,0.48866358738,0,0,/base,/left_shoulder_1,1.21402604206,0.103229603404,0.271101467831,-0.0755967030316,0.779066563841,0.46698797952,0.411415428222,0,0,/base,/left_elbow_1,1.06183905525,0.165613153132,0.104492707811,-0.0310134667297,0.795848363147,0.49393758947,0.348839799143,0,0,/base,/left_hand_1,0.879750073182,0.236848367013,-0.0368660174748,-0.507826260114,0.52037540413,-0.464935591907,0.505130501646,0,0,/base,/right_shoulder_1,1.32106248723,-0.0977391149929,0.362503611953,0.374994864708,-0.20656612834,0.796544237316,0.426880034745,0,0,/base,/right_elbow_1,1.40963494977,-0.229017474333,0.169072125381,0.536381628231,-0.266535980287,0.691234731994,0.404286860278,0,0,/base,/right_hand_1,1.43323677663,-0.29496771453,-0.0621403451983,-0.507826260114,0.52037540413,-0.464935591907,0.505130501646,0,0,/base,/left_hip_1,1.34143207011,-0.0225800379414,-0.0542985922442,0.520375404084,0.507826260189,0.505130501744,0.46493559177,0,0,/base,/left_knee_1,1.31969532112,-0.00340062548571,-0.422742730594,0.520367301127,0.507835809901,0.505144285699,0.464919253985,0,0,/base,/left_foot_1,1.29879267017,0.0150450241265,-0.777015623266,-0.507826260114,0.52037540413,-0.464935591907,0.505130501646,0,0,/base,/right_hip_1,1.41584317784,-0.162292651394,0.00924380026349,0.182446865391,0.787607678747,0.586187318336,0.0526470655456,0,0,/base,/right_knee_1,1.33246820274,-0.253250323272,-0.338996459003,-0.132970123348,0.709637732022,0.600412481105,-0.343857656772,0,0,/base,/right_foot_1,1.25288695279,-0.339737861824,-0.673944637165,-0.507826260114,0.52037540413,-0.464935591907,0.505130501646,0,0,/base,left_hand,0.798676601107,0.230003308607,0.100202734375,0.110091308351,0.98584888455,-0.0530087504997,0.114769129244,0,0,/base,right_hand,0.622309238049,-0.524143761227,0.316481866927,-0.0739961273248,0.995879261413,-0.0239928659024,0.046619869305
1522314866821205491,19107,1522314866798762083,,205577,1522314866793736934,0,161,72,312,69,128,342,188,413,206104,1522314866786180019,base,-170.0,9284.0,-9142.0,9931.0,0.0,0.0,0.0,0.0,0.0,0.0,0.0,0.0,0.0,220.0,127.0,94.0,0.0,0.0,0.0,0.0,0.0,0.0,0.0,0.0,0.0,-1475.0,-1174.0,826.0,0.0,0.0,0.0,0.0,0.0,0.0,0.0,0.0,0.0,0,0,,0.0,0.0,0.0,0.0,0.0,0.0,0.0,0.0,0.0,0.0,0.0,0.0,0.0,0.0,0.0,0.0,0.0,0.0,0.0,963970,1522314866730457463,,head_nod,head_pan,left_e0,left_e1,left_s0,left_s1,left_w0,left_w1,left_w2,right_e0,right_e1,right_s0,right_s1,right_w0,right_w1,right_w2,torso_t0,0.0,-0.100859236803,-0.655009796427,1.3169225064,-0.396534033668,-0.53689327576,0.617427267124,0.762388451579,-0.125019434213,0.906966140837,1.60109244736,-0.28493693135,-1.03198557505,-0.48243695779,1.12402442232,-0.208237891955,-12.5659871192,0.0,0.00431968989788,0.366388243156,-0.447676953053,-0.488910356623,0.262715685607,0.327903733157,0.00903207887738,-0.0781471172434,-0.00706858346925,0.006283185306,0.00235619448975,0.00981747704063,-0.0106028752039,0.00824668071413,-0.0015707963265,0.0,0.0,0.0,-12.532,-10.472,-0.308,-20.312,-0.084,-0.708,0.26,10.228,-14.812,0.34,-19.496,-0.04,-0.2,-0.224,-20.48,0,0,/base,/head_1,1.21043520989,0.0474167198726,0.495452974433,0.213671444197,0.619302337532,0.581815394375,0.481975077707,0,0,/base,/neck_1,1.2675442947,0.00274524358707,0.316802530434,0.213671444197,0.619302337532,0.581815394375,0.481975077707,0,0,/base,/torso_1,1.32309095911,-0.0448455503424,0.147137563419,0.207551895217,0.624488605313,0.572838625614,0.48866358738,0,0,/base,/left_shoulder_1,1.21402604206,0.103229603404,0.271101467831,-0.0755967030316,0.779066563841,0.46698797952,0.411415428222,0,0,/base,/left_elbow_1,1.06183905525,0.165613153132,0.104492707811,-0.0310134667297,0.795848363147,0.49393758947,0.348839799143,0,0,/base,/left_hand_1,0.879750073182,0.236848367013,-0.0368660174748,-0.507826260114,0.52037540413,-0.464935591907,0.505130501646,0,0,/base,/right_shoulder_1,1.32106248723,-0.0977391149929,0.362503611953,0.374994864708,-0.20656612834,0.796544237316,0.426880034745,0,0,/base,/right_elbow_1,1.40963494977,-0.229017474333,0.169072125381,0.536381628231,-0.266535980287,0.691234731994,0.404286860278,0,0,/base,/right_hand_1,1.43323677663,-0.29496771453,-0.0621403451983,-0.507826260114,0.52037540413,-0.464935591907,0.505130501646,0,0,/base,/left_hip_1,1.34143207011,-0.0225800379414,-0.0542985922442,0.520375404084,0.507826260189,0.505130501744,0.46493559177,0,0,/base,/left_knee_1,1.31969532112,-0.00340062548571,-0.422742730594,0.520367301127,0.507835809901,0.505144285699,0.464919253985,0,0,/base,/left_foot_1,1.29879267017,0.0150450241265,-0.777015623266,-0.507826260114,0.52037540413,-0.464935591907,0.505130501646,0,0,/base,/right_hip_1,1.41584317784,-0.162292651394,0.00924380026349,0.182446865391,0.787607678747,0.586187318336,0.0526470655456,0,0,/base,/right_knee_1,1.33246820274,-0.253250323272,-0.338996459003,-0.132970123348,0.709637732022,0.600412481105,-0.343857656772,0,0,/base,/right_foot_1,1.25288695279,-0.339737861824,-0.673944637165,-0.507826260114,0.52037540413,-0.464935591907,0.505130501646,0,0,/base,left_hand,0.798676601107,0.230003308607,0.100202734375,0.110091308351,0.98584888455,-0.0530087504997,0.114769129244,0,0,/base,right_hand,0.622309238049,-0.524143761227,0.316481866927,-0.0739961273248,0.995879261413,-0.0239928659024,0.046619869305
1522314866821223182,19108,1522314866819822072,,205578,1522314866817639112,0,186,66,255,74,138,298,146,394,206104,1522314866786180019,base,-170.0,9284.0,-9142.0,9931.0,0.0,0.0,0.0,0.0,0.0,0.0,0.0,0.0,0.0,220.0,127.0,94.0,0.0,0.0,0.0,0.0,0.0,0.0,0.0,0.0,0.0,-1475.0,-1174.0,826.0,0.0,0.0,0.0,0.0,0.0,0.0,0.0,0.0,0.0,0,0,,0.0,0.0,0.0,0.0,0.0,0.0,0.0,0.0,0.0,0.0,0.0,0.0,0.0,0.0,0.0,0.0,0.0,0.0,0.0,963971,1522314866740466250,,head_nod,head_pan,left_e0,left_e1,left_s0,left_s1,left_w0,left_w1,left_w2,right_e0,right_e1,right_s0,right_s1,right_w0,right_w1,right_w2,torso_t0,0.0,-0.102009722394,-0.651174844457,1.31155357364,-0.401519471229,-0.533825314184,0.6204952287,0.762388451579,-0.125786424607,0.907349636034,1.60070895216,-0.284169940956,-1.03121858466,-0.482053462593,1.12402442232,-0.207854396758,-12.5659871192,0.0,-0.0078539816325,0.331438024892,-0.421758813665,-0.50265482448,0.259574092954,0.318086256116,0.043982297142,-0.028274333877,0.00235619448975,0.00667588438763,0.00903207887738,-0.00706858346925,0.0,-0.00746128255088,0.0106028752039,0.0,0.0,0.0,-12.5,-10.504,-0.464,-20.44,-0.06,-0.744,0.28,10.324,-14.812,0.404,-19.468,-0.016,-0.22,-0.212,-20.48,0,0,/base,/head_1,1.20869364486,0.0491977056341,0.495116762082,0.209919211839,0.621212954195,0.582681480071,0.480115280765,0,0,/base,/neck_1,1.26649288183,0.00414197186101,0.316041164721,0.209919211839,0.621212954195,0.582681480071,0.480115280765,0,0,/base,/torso_1,1.32273039296,-0.0434813196197,0.146605899981,0.203534796556,0.625937795262,0.574205638964,0.486891514852,0,0,/base,/left_shoulder_1,1.21214257065,0.104002533089,0.269939799745,-0.0760140911726,0.777669724272,0.469275716099,0.411378123111,0,0,/base,/left_elbow_1,1.05966877643,0.166840538008,0.103110512857,-0.0375140147234,0.786865342059,0.491468313419,0.371341526186,0,0,/base,/left_hand_1,0.885694195333,0.240628958435,-0.0467161524203,-0.507826260114,0.52037540413,-0.464935591907,0.505130501646,0,0,/base,/right_shoulder_1,1.32084300998,-0.0957185832818,0.362142540811,0.374322423076,-0.203227285517,0.798822447907,0.424810652789,0,0,/base,/right_elbow_1,1.41003990645,-0.226604571568,0.170567934548,0.533335630227,-0.26294384348,0.694119609347,0.405723561834,0,0,/base,/right_hand_1,1.43465534564,-0.294922457681,-0.0598659567456,-0.507826260114,0.52037540413,-0.464935591907,0.505130501646,0,0,/base,/left_hip_1,1.341187128,-0.0216879368657,-0.0548760834993,0.520375404094,0.507826260174,0.505130501724,0.464935591797,0,0,/base,/left_knee_1,1.31945037901,-0.00250852441001,-0.423320221849,0.520368111441,0.507834854936,0.505142907308,0.46492088779,0,0,/base,/left_foot_1,1.29854798204,0.015936736295,-0.77759314975,-0.507826260114,0.52037540413,-0.464935591907,0.505130501646,0,0,/base,/right_hip_1,1.41674868038,-0.160521292951,0.00921735357361,0.179884123797,0.788460630751,0.586111942388,0.0494401330128,0,0,/base,/right_knee_1,1.33334559376,-0.252246211739,-0.338882566003,-0.129920103694,0.711806691781,0.599701530903,-0.341774887936,0,0,/base,/right_foot_1,1.25344380214,-0.339957350502,-0.673644898189,-0.507826260114,0.52037540413,-0.464935591907,0.505130501646,0,0,/base,left_hand,0.802162339828,0.227894713253,0.0974773778026,0.114185999994,0.985509860941,-0.0470529902241,0.116266450466,0,0,/base,right_hand,0.622996553831,-0.524133646287,0.317145093795,-0.0743044221282,0.995799845668,-0.024436303953,0.0475855783779
1522314866861151242,19270,1522314866822439908,,205578,1522314866817639112,0,186,66,255,74,138,298,146,394,206105,1522314866816978931,base,-123.0,9274.0,-9153.0,9931.0,0.0,0.0,0.0,0.0,0.0,0.0,0.0,0.0,0.0,203.0,130.0,90.0,0.0,0.0,0.0,0.0,0.0,0.0,0.0,0.0,0.0,-1533.0,-1394.0,842.0,0.0,0.0,0.0,0.0,0.0,0.0,0.0,0.0,0.0,0,0,,0.0,0.0,0.0,0.0,0.0,0.0,0.0,0.0,0.0,0.0,0.0,0.0,0.0,0.0,0.0,0.0,0.0,0.0,0.0,963973,1522314866760497536,,head_nod,head_pan,left_e0,left_e1,left_s0,left_s1,left_w0,left_w1,left_w2,right_e0,right_e1,right_s0,right_s1,right_w0,right_w1,right_w2,torso_t0,0.0,-0.101626227197,-0.645038921306,1.3038836697,-0.411106851153,-0.529990362214,0.62548066626,0.763922432367,-0.126553415001,0.90658264564,1.60070895216,-0.284553436153,-1.03121858466,-0.481669967396,1.12364092713,-0.208621387152,-12.5659871192,0.0,0.003141592653,0.356963465197,-0.464170314481,-0.496371639174,0.22462387469,0.285884931423,0.00589048622438,-0.0412334035706,0.00863937979575,-0.0121736715304,-0.0106028752039,0.006283185306,0.00078539816325,-0.00392699081625,0.0047123889795,0.0,0.0,0.0,-12.276,-10.472,-0.184,-20.64,-0.032,-0.824,0.268,10.26,-14.784,0.308,-19.408,-0.008,-0.2,-0.232,-20.48,0,0,/base,/head_1,1.20869364486,0.0491977056341,0.495116762082,0.209919211839,0.621212954195,0.582681480071,0.480115280765,0,0,/base,/neck_1,1.26649288183,0.00414197186101,0.316041164721,0.209919211839,0.621212954195,0.582681480071,0.480115280765,0,0,/base,/torso_1,1.32273039296,-0.0434813196197,0.146605899981,0.203534796556,0.625937795262,0.574205638964,0.486891514852,0,0,/base,/left_shoulder_1,1.21214257065,0.104002533089,0.269939799745,-0.0760140911726,0.777669724272,0.469275716099,0.411378123111,0,0,/base,/left_elbow_1,1.05966877643,0.166840538008,0.103110512857,-0.0375140147234,0.786865342059,0.491468313419,0.371341526186,0,0,/base,/left_hand_1,0.885694195333,0.240628958435,-0.0467161524203,-0.507826260114,0.52037540413,-0.464935591907,0.505130501646,0,0,/base,/right_shoulder_1,1.32084300998,-0.0957185832818,0.362142540811,0.374322423076,-0.203227285517,0.798822447907,0.424810652789,0,0,/base,/right_elbow_1,1.41003990645,-0.226604571568,0.170567934548,0.533335630227,-0.26294384348,0.694119609347,0.405723561834,0,0,/base,/right_hand_1,1.43465534564,-0.294922457681,-0.0598659567456,-0.507826260114,0.52037540413,-0.464935591907,0.505130501646,0,0,/base,/left_hip_1,1.341187128,-0.0216879368657,-0.0548760834993,0.520375404094,0.507826260174,0.505130501724,0.464935591797,0,0,/base,/left_knee_1,1.31945037901,-0.00250852441001,-0.423320221849,0.520368111441,0.507834854936,0.505142907308,0.46492088779,0,0,/base,/left_foot_1,1.29854798204,0.015936736295,-0.77759314975,-0.507826260114,0.52037540413,-0.464935591907,0.505130501646,0,0,/base,/right_hip_1,1.41674868038,-0.160521292951,0.00921735357361,0.179884123797,0.788460630751,0.586111942388,0.0494401330128,0,0,/base,/right_knee_1,1.33334559376,-0.252246211739,-0.338882566003,-0.129920103694,0.711806691781,0.599701530903,-0.341774887936,0,0,/base,/right_foot_1,1.25344380214,-0.339957350502,-0.673644898189,-0.507826260114,0.52037540413,-0.464935591907,0.505130501646,0,0,/base,left_hand,0.802162339828,0.227894713253,0.0974773778026,0.114185999994,0.985509860941,-0.0470529902241,0.116266450466,0,0,/base,right_hand,0.622996553831,-0.524133646287,0.317145093795,-0.0743044221282,0.995799845668,-0.024436303953,0.0475855783779
1522314866861160605,19271,1522314866839210987,,205579,1522314866839036941,0,189,63,238,71,130,391,161,396,206106,1522314866833816051,base,-62.0,9246.0,-9188.0,9926.0,0.0,0.0,0.0,0.0,0.0,0.0,0.0,0.0,0.0,394.0,107.0,37.0,0.0,0.0,0.0,0.0,0.0,0.0,0.0,0.0,0.0,-1548.0,-1395.0,816.0,0.0,0.0,0.0,0.0,0.0,0.0,0.0,0.0,0.0,0,0,,0.0,0.0,0.0,0.0,0.0,0.0,0.0,0.0,0.0,0.0,0.0,0.0,0.0,0.0,0.0,0.0,0.0,0.0,0.0,963974,1522314866770492721,,head_nod,head_pan,left_e0,left_e1,left_s0,left_s1,left_w0,left_w1,left_w2,right_e0,right_e1,right_s0,right_s1,right_w0,right_w1,right_w2,torso_t0,0.0,-0.101626227197,-0.642354454927,1.30004871773,-0.414941803123,-0.527689391033,0.628932123033,0.762771946776,-0.126936910198,0.906199150443,1.60070895216,-0.285320426547,-1.03121858466,-0.48243695779,1.12249044154,-0.208237891955,-12.5659871192,0.0,0.0078539816325,0.330652626728,-0.450425846624,-0.450425846624,0.223053078363,0.278030949791,0.0133517687753,-0.0361283155095,-0.00274889357138,-0.00746128255088,0.00392699081625,0.006283185306,-0.00667588438763,0.00510508806113,-0.018849555918,0.0,0.0,0.0,-12.34,-10.536,-0.092,-20.64,-0.04,-0.812,0.26,10.292,-14.784,0.308,-19.436,0.0,-0.18,-0.196,-20.48,0,0,/base,/head_1,1.20869364486,0.0491977056341,0.495116762082,0.209919211839,0.621212954195,0.582681480071,0.480115280765,0,0,/base,/neck_1,1.26649288183,0.00414197186101,0.316041164721,0.209919211839,0.621212954195,0.582681480071,0.480115280765,0,0,/base,/torso_1,1.32273039296,-0.0434813196197,0.146605899981,0.203534796556,0.625937795262,0.574205638964,0.486891514852,0,0,/base,/left_shoulder_1,1.21214257065,0.104002533089,0.269939799745,-0.0760140911726,0.777669724272,0.469275716099,0.411378123111,0,0,/base,/left_elbow_1,1.05966877643,0.166840538008,0.103110512857,-0.0375140147234,0.786865342059,0.491468313419,0.371341526186,0,0,/base,/left_hand_1,0.885694195333,0.240628958435,-0.0467161524203,-0.507826260114,0.52037540413,-0.464935591907,0.505130501646,0,0,/base,/right_shoulder_1,1.32084300998,-0.0957185832818,0.362142540811,0.374322423076,-0.203227285517,0.798822447907,0.424810652789,0,0,/base,/right_elbow_1,1.41003990645,-0.226604571568,0.170567934548,0.533335630227,-0.26294384348,0.694119609347,0.405723561834,0,0,/base,/right_hand_1,1.43465534564,-0.294922457681,-0.0598659567456,-0.507826260114,0.52037540413,-0.464935591907,0.505130501646,0,0,/base,/left_hip_1,1.341187128,-0.0216879368657,-0.0548760834993,0.520375404094,0.507826260174,0.505130501724,0.464935591797,0,0,/base,/left_knee_1,1.31945037901,-0.00250852441001,-0.423320221849,0.520368111441,0.507834854936,0.505142907308,0.46492088779,0,0,/base,/left_foot_1,1.29854798204,0.015936736295,-0.77759314975,-0.507826260114,0.52037540413,-0.464935591907,0.505130501646,0,0,/base,/right_hip_1,1.41674868038,-0.160521292951,0.00921735357361,0.179884123797,0.788460630751,0.586111942388,0.0494401330128,0,0,/base,/right_knee_1,1.33334559376,-0.252246211739,-0.338882566003,-0.129920103694,0.711806691781,0.599701530903,-0.341774887936,0,0,/base,/right_foot_1,1.25344380214,-0.339957350502,-0.673644898189,-0.507826260114,0.52037540413,-0.464935591907,0.505130501646,0,0,/base,left_hand,0.802162339828,0.227894713253,0.0974773778026,0.114185999994,0.985509860941,-0.0470529902241,0.116266450466,0,0,/base,right_hand,0.622996553831,-0.524133646287,0.317145093795,-0.0743044221282,0.995799845668,-0.024436303953,0.0475855783779
1522314866861184530,19109,1522314866843660116,,205579,1522314866839036941,0,189,63,238,71,130,391,161,396,206106,1522314866833816051,base,-62.0,9246.0,-9188.0,9926.0,0.0,0.0,0.0,0.0,0.0,0.0,0.0,0.0,0.0,394.0,107.0,37.0,0.0,0.0,0.0,0.0,0.0,0.0,0.0,0.0,0.0,-1548.0,-1395.0,816.0,0.0,0.0,0.0,0.0,0.0,0.0,0.0,0.0,0.0,0,0,,0.0,0.0,0.0,0.0,0.0,0.0,0.0,0.0,0.0,0.0,0.0,0.0,0.0,0.0,0.0,0.0,0.0,0.0,0.0,963975,1522314866780457681,,head_nod,head_pan,left_e0,left_e1,left_s0,left_s1,left_w0,left_w1,left_w2,right_e0,right_e1,right_s0,right_s1,right_w0,right_w1,right_w2,torso_t0,0.0,-0.101626227197,-0.639669988548,1.29659726096,-0.418776755093,-0.526538905442,0.630466103821,0.763155441973,-0.126936910198,0.907349636034,1.60070895216,-0.284553436153,-1.03198557505,-0.482053462593,1.12364092713,-0.208237891955,-12.5659871192,0.0,0.00274889357138,0.305519885504,-0.431576290706,-0.471631597032,0.213235601322,0.277638250709,0.0196349540813,0.00746128255088,-0.0109955742855,0.00392699081625,-0.00431968989788,-0.0109955742855,-0.0129590696936,-0.009424777959,-0.0109955742855,0.0,0.0,0.0,-12.372,-10.664,-0.124,-20.704,-0.032,-0.792,0.268,10.168,-14.812,0.308,-19.436,-0.032,-0.188,-0.212,-20.48,0,0,/base,/head_1,1.20869364486,0.0491977056341,0.495116762082,0.209919211839,0.621212954195,0.582681480071,0.480115280765,0,0,/base,/neck_1,1.26649288183,0.00414197186101,0.316041164721,0.209919211839,0.621212954195,0.582681480071,0.480115280765,0,0,/base,/torso_1,1.32273039296,-0.0434813196197,0.146605899981,0.203534796556,0.625937795262,0.574205638964,0.486891514852,0,0,/base,/left_shoulder_1,1.21214257065,0.104002533089,0.269939799745,-0.0760140911726,0.777669724272,0.469275716099,0.411378123111,0,0,/base,/left_elbow_1,1.05966877643,0.166840538008,0.103110512857,-0.0375140147234,0.786865342059,0.491468313419,0.371341526186,0,0,/base,/left_hand_1,0.885694195333,0.240628958435,-0.0467161524203,-0.507826260114,0.52037540413,-0.464935591907,0.505130501646,0,0,/base,/right_shoulder_1,1.32084300998,-0.0957185832818,0.362142540811,0.374322423076,-0.203227285517,0.798822447907,0.424810652789,0,0,/base,/right_elbow_1,1.41003990645,-0.226604571568,0.170567934548,0.533335630227,-0.26294384348,0.694119609347,0.405723561834,0,0,/base,/right_hand_1,1.43465534564,-0.294922457681,-0.0598659567456,-0.507826260114,0.52037540413,-0.464935591907,0.505130501646,0,0,/base,/left_hip_1,1.341187128,-0.0216879368657,-0.0548760834993,0.520375404094,0.507826260174,0.505130501724,0.464935591797,0,0,/base,/left_knee_1,1.31945037901,-0.00250852441001,-0.423320221849,0.520368111441,0.507834854936,0.505142907308,0.46492088779,0,0,/base,/left_foot_1,1.29854798204,0.015936736295,-0.77759314975,-0.507826260114,0.52037540413,-0.464935591907,0.505130501646,0,0,/base,/right_hip_1,1.41674868038,-0.160521292951,0.00921735357361,0.179884123797,0.788460630751,0.586111942388,0.0494401330128,0,0,/base,/right_knee_1,1.33334559376,-0.252246211739,-0.338882566003,-0.129920103694,0.711806691781,0.599701530903,-0.341774887936,0,0,/base,/right_foot_1,1.25344380214,-0.339957350502,-0.673644898189,-0.507826260114,0.52037540413,-0.464935591907,0.505130501646,0,0,/base,left_hand,0.804739409433,0.226399038164,0.0947813918183,0.117909721769,0.98522138814,-0.0418387775805,0.116985599771,0,0,/base,right_hand,0.622729606074,-0.523808930971,0.317019897337,-0.0747798635008,0.995785895819,-0.0242181142759,0.0472430380351
1522314866861187066,19110,1522314866855567932,,205580,1522314866855464935,0,205,57,221,70,143,437,150,354,206107,1522314866854816913,base,-5.0,9213.0,-9222.0,9924.0,0.0,0.0,0.0,0.0,0.0,0.0,0.0,0.0,0.0,399.0,56.0,19.0,0.0,0.0,0.0,0.0,0.0,0.0,0.0,0.0,0.0,-1471.0,-1267.0,754.0,0.0,0.0,0.0,0.0,0.0,0.0,0.0,0.0,0.0,0,0,,0.0,0.0,0.0,0.0,0.0,0.0,0.0,0.0,0.0,0.0,0.0,0.0,0.0,0.0,0.0,0.0,0.0,0.0,0.0,963976,1522314866790479794,,head_nod,head_pan,left_e0,left_e1,left_s0,left_s1,left_w0,left_w1,left_w2,right_e0,right_e1,right_s0,right_s1,right_w0,right_w1,right_w2,torso_t0,0.0,-0.101626227197,-0.636602026972,1.2919953186,-0.423378697456,-0.52423793426,0.633917560594,0.763922432367,-0.128087395788,0.906966140837,1.60032545696,-0.284553436153,-1.03160207985,-0.482053462593,1.12325743193,-0.207087406365,-12.5659871192,0.0,0.00549778714275,0.286670329586,-0.409192443053,-0.445713457644,0.191244452751,0.27056966724,0.0341648201014,-0.0212057504078,0.0015707963265,0.0102101761223,-0.0129590696936,-0.00667588438763,0.0196349540813,0.006283185306,-0.00863937979575,0.0,0.0,0.0,-12.34,-10.664,-0.06,-20.704,-0.06,-0.784,0.212,10.196,-14.812,0.372,-19.436,-0.04,-0.2,-0.232,-20.48,0,0,/base,/head_1,1.20610883011,0.0522445928812,0.49222821568,0.205212956883,0.623544550371,0.581011280731,0.481150421068,0,0,/base,/neck_1,1.26466970379,0.00576548174801,0.314147473086,0.205212956883,0.623544550371,0.581011280731,0.481150421068,0,0,/base,/torso_1,1.32209403611,-0.0429277981575,0.145418247803,0.198391148125,0.627389661866,0.573482880277,0.487996465724,0,0,/base,/left_shoulder_1,1.21007621674,0.104976533412,0.26694238643,-0.0747733065537,0.777564248797,0.469876766283,0.411118737261,0,0,/base,/left_elbow_1,1.05829664369,0.167963703991,0.10144200701,-0.0383557638628,0.782883532085,0.489732780795,0.381816728265,0,0,/base,/left_hand_1,0.888030395518,0.243726701246,-0.0519094811406,-0.507826260114,0.52037540413,-0.464935591907,0.505130501646,0,0,/base,/right_shoulder_1,1.31926319009,-0.0934455580959,0.361352552748,0.373506188814,-0.202776774286,0.801366404803,0.420935377441,0,0,/base,/right_elbow_1,1.4104205742,-0.2235304494,0.170057538681,0.53073373182,-0.255881622394,0.69767346517,0.407551269446,0,0,/base,/right_hand_1,1.43565501159,-0.295301333991,-0.0592512962758,-0.507826260114,0.52037540413,-0.464935591907,0.505130501646,0,0,/base,/left_hip_1,1.34157009547,-0.0226588558884,-0.0561235210491,0.520375404101,0.507826260162,0.505130501709,0.464935591819,0,0,/base,/left_knee_1,1.31983334468,-0.00347944184905,-0.424567689822,0.520368840722,0.507833995465,0.505141666753,0.464922358212,0,0,/base,/left_foot_1,1.29893107888,0.0149654644692,-0.778840643909,-0.507826260114,0.52037540413,-0.464935591907,0.505130501646,0,0,/base,/right_hip_1,1.41746664251,-0.160583308645,0.00950158089349,0.178302309217,0.789103942308,0.585812764304,0.0484423362357,0,0,/base,/right_knee_1,1.33445043094,-0.252994013471,-0.338543168919,-0.1266604973,0.714439478312,0.599368703406,-0.338068791269,0,0,/base,/right_foot_1,1.25477376022,-0.341607540431,-0.673227084442,-0.507826260114,0.52037540413,-0.464935591907,0.505130501646,0,0,/base,left_hand,0.804739409433,0.226399038164,0.0947813918183,0.117909721769,0.98522138814,-0.0418387775805,0.116985599771,0,0,/base,right_hand,0.622729606074,-0.523808930971,0.317019897337,-0.0747798635008,0.995785895819,-0.0242181142759,0.0472430380351
1522314866901149072,19272,1522314866862360954,,205580,1522314866855464935,0,205,57,221,70,143,437,150,354,206107,1522314866854816913,base,-5.0,9213.0,-9222.0,9924.0,0.0,0.0,0.0,0.0,0.0,0.0,0.0,0.0,0.0,399.0,56.0,19.0,0.0,0.0,0.0,0.0,0.0,0.0,0.0,0.0,0.0,-1471.0,-1267.0,754.0,0.0,0.0,0.0,0.0,0.0,0.0,0.0,0.0,0.0,0,0,,0.0,0.0,0.0,0.0,0.0,0.0,0.0,0.0,0.0,0.0,0.0,0.0,0.0,0.0,0.0,0.0,0.0,0.0,0.0,963976,1522314866790479794,,head_nod,head_pan,left_e0,left_e1,left_s0,left_s1,left_w0,left_w1,left_w2,right_e0,right_e1,right_s0,right_s1,right_w0,right_w1,right_w2,torso_t0,0.0,-0.101626227197,-0.636602026972,1.2919953186,-0.423378697456,-0.52423793426,0.633917560594,0.763922432367,-0.128087395788,0.906966140837,1.60032545696,-0.284553436153,-1.03160207985,-0.482053462593,1.12325743193,-0.207087406365,-12.5659871192,0.0,0.00549778714275,0.286670329586,-0.409192443053,-0.445713457644,0.191244452751,0.27056966724,0.0341648201014,-0.0212057504078,0.0015707963265,0.0102101761223,-0.0129590696936,-0.00667588438763,0.0196349540813,0.006283185306,-0.00863937979575,0.0,0.0,0.0,-12.34,-10.664,-0.06,-20.704,-0.06,-0.784,0.212,10.196,-14.812,0.372,-19.436,-0.04,-0.2,-0.232,-20.48,0,0,/base,/head_1,1.20610883011,0.0522445928812,0.49222821568,0.205212956883,0.623544550371,0.581011280731,0.481150421068,0,0,/base,/neck_1,1.26466970379,0.00576548174801,0.314147473086,0.205212956883,0.623544550371,0.581011280731,0.481150421068,0,0,/base,/torso_1,1.32209403611,-0.0429277981575,0.145418247803,0.198391148125,0.627389661866,0.573482880277,0.487996465724,0,0,/base,/left_shoulder_1,1.21007621674,0.104976533412,0.26694238643,-0.0747733065537,0.777564248797,0.469876766283,0.411118737261,0,0,/base,/left_elbow_1,1.05829664369,0.167963703991,0.10144200701,-0.0383557638628,0.782883532085,0.489732780795,0.381816728265,0,0,/base,/left_hand_1,0.888030395518,0.243726701246,-0.0519094811406,-0.507826260114,0.52037540413,-0.464935591907,0.505130501646,0,0,/base,/right_shoulder_1,1.31926319009,-0.0934455580959,0.361352552748,0.373506188814,-0.202776774286,0.801366404803,0.420935377441,0,0,/base,/right_elbow_1,1.4104205742,-0.2235304494,0.170057538681,0.53073373182,-0.255881622394,0.69767346517,0.407551269446,0,0,/base,/right_hand_1,1.43565501159,-0.295301333991,-0.0592512962758,-0.507826260114,0.52037540413,-0.464935591907,0.505130501646,0,0,/base,/left_hip_1,1.34157009547,-0.0226588558884,-0.0561235210491,0.520375404101,0.507826260162,0.505130501709,0.464935591819,0,0,/base,/left_knee_1,1.31983334468,-0.00347944184905,-0.424567689822,0.520368840722,0.507833995465,0.505141666753,0.464922358212,0,0,/base,/left_foot_1,1.29893107888,0.0149654644692,-0.778840643909,-0.507826260114,0.52037540413,-0.464935591907,0.505130501646,0,0,/base,/right_hip_1,1.41746664251,-0.160583308645,0.00950158089349,0.178302309217,0.789103942308,0.585812764304,0.0484423362357,0,0,/base,/right_knee_1,1.33445043094,-0.252994013471,-0.338543168919,-0.1266604973,0.714439478312,0.599368703406,-0.338068791269,0,0,/base,/right_foot_1,1.25477376022,-0.341607540431,-0.673227084442,-0.507826260114,0.52037540413,-0.464935591907,0.505130501646,0,0,/base,left_hand,0.804739409433,0.226399038164,0.0947813918183,0.117909721769,0.98522138814,-0.0418387775805,0.116985599771,0,0,/base,right_hand,0.622729606074,-0.523808930971,0.317019897337,-0.0747798635008,0.995785895819,-0.0242181142759,0.0472430380351
1522314866901177190,19273,1522314866882916927,,205581,1522314866877540111,0,215,58,208,61,137,437,143,353,206108,1522314866876921892,base,39.0,9189.0,-9246.0,9925.0,0.0,0.0,0.0,0.0,0.0,0.0,0.0,0.0,0.0,291.0,45.0,29.0,0.0,0.0,0.0,0.0,0.0,0.0,0.0,0.0,0.0,-1467.0,-1279.0,771.0,0.0,0.0,0.0,0.0,0.0,0.0,0.0,0.0,0.0,0,0,,0.0,0.0,0.0,0.0,0.0,0.0,0.0,0.0,0.0,0.0,0.0,0.0,0.0,0.0,0.0,0.0,0.0,0.0,0.0,963978,1522314866810497147,,head_nod,head_pan,left_e0,left_e1,left_s0,left_s1,left_w0,left_w1,left_w2,right_e0,right_e1,right_s0,right_s1,right_w0,right_w1,right_w2,torso_t0,0.0,-0.101242732,-0.631233094215,1.28317492907,-0.43181559179,-0.521169972684,0.63813600776,0.764689422761,-0.130771862167,0.906966140837,1.60070895216,-0.28493693135,-1.03121858466,-0.481669967396,1.12325743193,-0.208621387152,-12.5659871192,0.0,-0.0106028752039,0.279994445199,-0.434717883359,-0.428827397135,0.189280957343,0.257610597546,0.0585121631621,-0.144120562956,0.00196349540813,-0.000392699081625,0.0102101761223,0.0117809724488,0.000392699081625,-0.00667588438763,-0.00706858346925,0.0,0.0,0.0,-12.276,-10.632,-0.372,-20.572,-0.084,-0.804,0.168,10.168,-14.812,0.248,-19.468,-0.04,-0.188,-0.224,-20.48,0,0,/base,/head_1,1.20473620991,0.0532801854004,0.492048657449,0.203299128872,0.624598017224,0.581894788434,0.479526053801,0,0,/base,/neck_1,1.26371563305,0.00670547105158,0.313270515981,0.203299128872,0.624598017224,0.581894788434,0.479526053801,0,0,/base,/torso_1,1.32175187517,-0.0423144529656,0.144840024672,0.195181103972,0.628506702228,0.573816774976,0.487460737561,0,0,/base,/left_shoulder_1,1.20868145679,0.105444948557,0.265576401405,-0.075617626823,0.776399146022,0.470577061915,0.412363394799,0,0,/base,/left_elbow_1,1.05691683904,0.168792528958,0.0990658082455,-0.0340690446891,0.779318163103,0.491911887925,0.386684878642,0,0,/base,/left_hand_1,0.888219021782,0.247832571716,-0.054562048505,-0.507826260114,0.52037540413,-0.464935591907,0.505130501646,0,0,/base,/right_shoulder_1,1.31874986982,-0.0920339894424,0.360964627873,0.372463123825,-0.200910043452,0.803408157285,0.41885762335,0,0,/base,/right_elbow_1,1.41131409416,-0.222381451178,0.169991503998,0.531489925628,-0.250570496449,0.699782681445,0.406247564933,0,0,/base,/right_hand_1,1.43667532885,-0.29540392507,-0.0589307389147,-0.507826260114,0.52037540413,-0.464935591907,0.505130501646,0,0,/base,/left_hip_1,1.34153430815,-0.0227013919568,-0.0567422596137,0.520375404107,0.507826260152,0.505130501696,0.464935591837,0,0,/base,/left_knee_1,1.31979755916,-0.00352197950118,-0.425186397963,0.520369497072,0.507833221939,0.505140550251,0.464923681591,0,0,/base,/left_foot_1,1.29889542354,0.0149226105096,-0.779459376196,-0.507826260114,0.52037540413,-0.464935591907,0.505130501646,0,0,/base,/right_hip_1,1.41804192592,-0.159967376449,0.00956131030899,0.176591765452,0.788712416665,0.587016467571,0.0464729918614,0,0,/base,/right_knee_1,1.33525950407,-0.251787384063,-0.338712618235,-0.124237063451,0.715679300944,0.600414059816,-0.334471593773,0,0,/base,/right_foot_1,1.25573424775,-0.339954338957,-0.673604095204,-0.507826260114,0.52037540413,-0.464935591907,0.505130501646,0,0,/base,left_hand,0.808365198748,0.224751742333,0.0931776477749,0.119755976559,0.985029507435,-0.03640934664,0.11853157823,0,0,/base,right_hand,0.622613289101,-0.524074914099,0.316622543507,-0.074538177207,0.995816648787,-0.0237866170823,0.047195963652
1522314866901181165,19111,1522314866881669044,,205581,1522314866877540111,0,215,58,208,61,137,437,143,353,206108,1522314866876921892,base,39.0,9189.0,-9246.0,9925.0,0.0,0.0,0.0,0.0,0.0,0.0,0.0,0.0,0.0,291.0,45.0,29.0,0.0,0.0,0.0,0.0,0.0,0.0,0.0,0.0,0.0,-1467.0,-1279.0,771.0,0.0,0.0,0.0,0.0,0.0,0.0,0.0,0.0,0.0,0,0,,0.0,0.0,0.0,0.0,0.0,0.0,0.0,0.0,0.0,0.0,0.0,0.0,0.0,0.0,0.0,0.0,0.0,0.0,0.0,963976,1522314866790479794,,head_nod,head_pan,left_e0,left_e1,left_s0,left_s1,left_w0,left_w1,left_w2,right_e0,right_e1,right_s0,right_s1,right_w0,right_w1,right_w2,torso_t0,0.0,-0.101626227197,-0.636602026972,1.2919953186,-0.423378697456,-0.52423793426,0.633917560594,0.763922432367,-0.128087395788,0.906966140837,1.60032545696,-0.284553436153,-1.03160207985,-0.482053462593,1.12325743193,-0.207087406365,-12.5659871192,0.0,0.00549778714275,0.286670329586,-0.409192443053,-0.445713457644,0.191244452751,0.27056966724,0.0341648201014,-0.0212057504078,0.0015707963265,0.0102101761223,-0.0129590696936,-0.00667588438763,0.0196349540813,0.006283185306,-0.00863937979575,0.0,0.0,0.0,-12.34,-10.664,-0.06,-20.704,-0.06,-0.784,0.212,10.196,-14.812,0.372,-19.436,-0.04,-0.2,-0.232,-20.48,0,0,/base,/head_1,1.20473620991,0.0532801854004,0.492048657449,0.203299128872,0.624598017224,0.581894788434,0.479526053801,0,0,/base,/neck_1,1.26371563305,0.00670547105158,0.313270515981,0.203299128872,0.624598017224,0.581894788434,0.479526053801,0,0,/base,/torso_1,1.32175187517,-0.0423144529656,0.144840024672,0.195181103972,0.628506702228,0.573816774976,0.487460737561,0,0,/base,/left_shoulder_1,1.20868145679,0.105444948557,0.265576401405,-0.075617626823,0.776399146022,0.470577061915,0.412363394799,0,0,/base,/left_elbow_1,1.05691683904,0.168792528958,0.0990658082455,-0.0340690446891,0.779318163103,0.491911887925,0.386684878642,0,0,/base,/left_hand_1,0.888219021782,0.247832571716,-0.054562048505,-0.507826260114,0.52037540413,-0.464935591907,0.505130501646,0,0,/base,/right_shoulder_1,1.31874986982,-0.0920339894424,0.360964627873,0.372463123825,-0.200910043452,0.803408157285,0.41885762335,0,0,/base,/right_elbow_1,1.41131409416,-0.222381451178,0.169991503998,0.531489925628,-0.250570496449,0.699782681445,0.406247564933,0,0,/base,/right_hand_1,1.43667532885,-0.29540392507,-0.0589307389147,-0.507826260114,0.52037540413,-0.464935591907,0.505130501646,0,0,/base,/left_hip_1,1.34153430815,-0.0227013919568,-0.0567422596137,0.520375404107,0.507826260152,0.505130501696,0.464935591837,0,0,/base,/left_knee_1,1.31979755916,-0.00352197950118,-0.425186397963,0.520369497072,0.507833221939,0.505140550251,0.464923681591,0,0,/base,/left_foot_1,1.29889542354,0.0149226105096,-0.779459376196,-0.507826260114,0.52037540413,-0.464935591907,0.505130501646,0,0,/base,/right_hip_1,1.41804192592,-0.159967376449,0.00956131030899,0.176591765452,0.788712416665,0.587016467571,0.0464729918614,0,0,/base,/right_knee_1,1.33525950407,-0.251787384063,-0.338712618235,-0.124237063451,0.715679300944,0.600414059816,-0.334471593773,0,0,/base,/right_foot_1,1.25573424775,-0.339954338957,-0.673604095204,-0.507826260114,0.52037540413,-0.464935591907,0.505130501646,0,0,/base,left_hand,0.808365198748,0.224751742333,0.0931776477749,0.119755976559,0.985029507435,-0.03640934664,0.11853157823,0,0,/base,right_hand,0.622613289101,-0.524074914099,0.316622543507,-0.074538177207,0.995816648787,-0.0237866170823,0.047195963652
1522314866901194043,19112,1522314866899851083,,205582,1522314866899713039,0,222,66,289,61,133,449,146,348,206109,1522314866883887052,base,79.0,9160.0,-9268.0,9930.0,0.0,0.0,0.0,0.0,0.0,0.0,0.0,0.0,0.0,292.0,-22.0,4.0,0.0,0.0,0.0,0.0,0.0,0.0,0.0,0.0,0.0,-1600.0,-1304.0,790.0,0.0,0.0,0.0,0.0,0.0,0.0,0.0,0.0,0.0,0,0,,0.0,0.0,0.0,0.0,0.0,0.0,0.0,0.0,0.0,0.0,0.0,0.0,0.0,0.0,0.0,0.0,0.0,0.0,0.0,963980,1522314866830495640,,head_nod,head_pan,left_e0,left_e1,left_s0,left_s1,left_w0,left_w1,left_w2,right_e0,right_e1,right_s0,right_s1,right_w0,right_w1,right_w2,torso_t0,0.0,-0.101626227197,-0.626631151851,1.27550502513,-0.439485495729,-0.517718515911,0.642354454927,0.766223403549,-0.133839823743,0.906966140837,1.60070895216,-0.284553436153,-1.03121858466,-0.482820452987,1.12364092713,-0.208621387152,-12.5659871192,0.0,0.00706858346925,0.280779843362,-0.411548637543,-0.39152098438,0.168467906017,0.204203522445,0.0958185759165,-0.147654854691,-0.00078539816325,-0.00353429173463,-0.00706858346925,-0.00196349540813,0.012566370612,0.0117809724488,-0.00667588438763,0.0,0.0,0.0,-11.988,-10.6,-0.34,-20.672,0.008,-0.756,0.156,10.196,-14.752,0.28,-19.468,-0.024,-0.228,-0.212,-20.48,0,0,/base,/head_1,1.20473620991,0.0532801854004,0.492048657449,0.203299128872,0.624598017224,0.581894788434,0.479526053801,0,0,/base,/neck_1,1.26371563305,0.00670547105158,0.313270515981,0.203299128872,0.624598017224,0.581894788434,0.479526053801,0,0,/base,/torso_1,1.32175187517,-0.0423144529656,0.144840024672,0.195181103972,0.628506702228,0.573816774976,0.487460737561,0,0,/base,/left_shoulder_1,1.20868145679,0.105444948557,0.265576401405,-0.075617626823,0.776399146022,0.470577061915,0.412363394799,0,0,/base,/left_elbow_1,1.05691683904,0.168792528958,0.0990658082455,-0.0340690446891,0.779318163103,0.491911887925,0.386684878642,0,0,/base,/left_hand_1,0.888219021782,0.247832571716,-0.054562048505,-0.507826260114,0.52037540413,-0.464935591907,0.505130501646,0,0,/base,/right_shoulder_1,1.31874986982,-0.0920339894424,0.360964627873,0.372463123825,-0.200910043452,0.803408157285,0.41885762335,0,0,/base,/right_elbow_1,1.41131409416,-0.222381451178,0.169991503998,0.531489925628,-0.250570496449,0.699782681445,0.406247564933,0,0,/base,/right_hand_1,1.43667532885,-0.29540392507,-0.0589307389147,-0.507826260114,0.52037540413,-0.464935591907,0.505130501646,0,0,/base,/left_hip_1,1.34153430815,-0.0227013919568,-0.0567422596137,0.520375404107,0.507826260152,0.505130501696,0.464935591837,0,0,/base,/left_knee_1,1.31979755916,-0.00352197950118,-0.425186397963,0.520369497072,0.507833221939,0.505140550251,0.464923681591,0,0,/base,/left_foot_1,1.29889542354,0.0149226105096,-0.779459376196,-0.507826260114,0.52037540413,-0.464935591907,0.505130501646,0,0,/base,/right_hip_1,1.41804192592,-0.159967376449,0.00956131030899,0.176591765452,0.788712416665,0.587016467571,0.0464729918614,0,0,/base,/right_knee_1,1.33525950407,-0.251787384063,-0.338712618235,-0.124237063451,0.715679300944,0.600414059816,-0.334471593773,0,0,/base,/right_foot_1,1.25573424775,-0.339954338957,-0.673604095204,-0.507826260114,0.52037540413,-0.464935591907,0.505130501646,0,0,/base,left_hand,0.808365198748,0.224751742333,0.0931776477749,0.119755976559,0.985029507435,-0.03640934664,0.11853157823,0,0,/base,right_hand,0.622613289101,-0.524074914099,0.316622543507,-0.074538177207,0.995816648787,-0.0237866170823,0.047195963652
1522314866941260328,19274,1522314866902997970,,205582,1522314866899713039,0,222,66,289,61,133,449,146,348,206109,1522314866883887052,base,79.0,9160.0,-9268.0,9930.0,0.0,0.0,0.0,0.0,0.0,0.0,0.0,0.0,0.0,292.0,-22.0,4.0,0.0,0.0,0.0,0.0,0.0,0.0,0.0,0.0,0.0,-1600.0,-1304.0,790.0,0.0,0.0,0.0,0.0,0.0,0.0,0.0,0.0,0.0,0,0,,0.0,0.0,0.0,0.0,0.0,0.0,0.0,0.0,0.0,0.0,0.0,0.0,0.0,0.0,0.0,0.0,0.0,0.0,0.0,963979,1522314866820484655,,head_nod,head_pan,left_e0,left_e1,left_s0,left_s1,left_w0,left_w1,left_w2,right_e0,right_e1,right_s0,right_s1,right_w0,right_w1,right_w2,torso_t0,0.0,-0.101626227197,-0.628165132639,1.2793399771,-0.435650543759,-0.519635991896,0.640436978942,0.765456413155,-0.131538852561,0.90658264564,1.60032545696,-0.284169940956,-1.03160207985,-0.48243695779,1.12364092713,-0.207087406365,-12.5659871192,0.0,-0.00706858346925,0.279994445199,-0.382488905503,-0.412334035706,0.183783170201,0.207345115098,0.0620464548968,-0.153938039997,0.00392699081625,-0.000392699081625,-0.00353429173463,-0.00431968989788,-0.00274889357138,0.00667588438763,0.0133517687753,0.0,0.0,0.0,-12.148,-10.6,-0.308,-20.604,-0.032,-0.812,0.14,10.196,-14.812,0.28,-19.408,-0.04,-0.208,-0.24,-20.48,0,0,/base,/head_1,1.20473620991,0.0532801854004,0.492048657449,0.203299128872,0.624598017224,0.581894788434,0.479526053801,0,0,/base,/neck_1,1.26371563305,0.00670547105158,0.313270515981,0.203299128872,0.624598017224,0.581894788434,0.479526053801,0,0,/base,/torso_1,1.32175187517,-0.0423144529656,0.144840024672,0.195181103972,0.628506702228,0.573816774976,0.487460737561,0,0,/base,/left_shoulder_1,1.20868145679,0.105444948557,0.265576401405,-0.075617626823,0.776399146022,0.470577061915,0.412363394799,0,0,/base,/left_elbow_1,1.05691683904,0.168792528958,0.0990658082455,-0.0340690446891,0.779318163103,0.491911887925,0.386684878642,0,0,/base,/left_hand_1,0.888219021782,0.247832571716,-0.054562048505,-0.507826260114,0.52037540413,-0.464935591907,0.505130501646,0,0,/base,/right_shoulder_1,1.31874986982,-0.0920339894424,0.360964627873,0.372463123825,-0.200910043452,0.803408157285,0.41885762335,0,0,/base,/right_elbow_1,1.41131409416,-0.222381451178,0.169991503998,0.531489925628,-0.250570496449,0.699782681445,0.406247564933,0,0,/base,/right_hand_1,1.43667532885,-0.29540392507,-0.0589307389147,-0.507826260114,0.52037540413,-0.464935591907,0.505130501646,0,0,/base,/left_hip_1,1.34153430815,-0.0227013919568,-0.0567422596137,0.520375404107,0.507826260152,0.505130501696,0.464935591837,0,0,/base,/left_knee_1,1.31979755916,-0.00352197950118,-0.425186397963,0.520369497072,0.507833221939,0.505140550251,0.464923681591,0,0,/base,/left_foot_1,1.29889542354,0.0149226105096,-0.779459376196,-0.507826260114,0.52037540413,-0.464935591907,0.505130501646,0,0,/base,/right_hip_1,1.41804192592,-0.159967376449,0.00956131030899,0.176591765452,0.788712416665,0.587016467571,0.0464729918614,0,0,/base,/right_knee_1,1.33525950407,-0.251787384063,-0.338712618235,-0.124237063451,0.715679300944,0.600414059816,-0.334471593773,0,0,/base,/right_foot_1,1.25573424775,-0.339954338957,-0.673604095204,-0.507826260114,0.52037540413,-0.464935591907,0.505130501646,0,0,/base,left_hand,0.808365198748,0.224751742333,0.0931776477749,0.119755976559,0.985029507435,-0.03640934664,0.11853157823,0,0,/base,right_hand,0.622613289101,-0.524074914099,0.316622543507,-0.074538177207,0.995816648787,-0.0237866170823,0.047195963652
1522314866941288132,19275,1522314866922561883,,205583,1522314866921181917,0,191,67,281,51,128,463,142,400,206110,1522314866906181097,base,101.0,9143.0,-9279.0,9936.0,0.0,0.0,0.0,0.0,0.0,0.0,0.0,0.0,0.0,145.0,-35.0,-27.0,0.0,0.0,0.0,0.0,0.0,0.0,0.0,0.0,0.0,-1565.0,-1208.0,784.0,0.0,0.0,0.0,0.0,0.0,0.0,0.0,0.0,0.0,0,0,,0.0,0.0,0.0,0.0,0.0,0.0,0.0,0.0,0.0,0.0,0.0,0.0,0.0,0.0,0.0,0.0,0.0,0.0,0.0,963983,1522314866860467029,,head_nod,head_pan,left_e0,left_e1,left_s0,left_s1,left_w0,left_w1,left_w2,right_e0,right_e1,right_s0,right_s1,right_w0,right_w1,right_w2,torso_t0,0.0,-0.101242732,-0.618961247912,1.26438366441,-0.450223361244,-0.513883563942,0.648106882882,0.771975831503,-0.136140794925,0.90658264564,1.60070895216,-0.284553436153,-1.03160207985,-0.482053462593,1.12364092713,-0.209004882349,-12.5659871192,0.0,-0.0113882733671,0.243473430608,-0.409585142135,-0.386023197237,0.137051979487,0.168075206936,0.165326313364,-0.118987821732,0.0106028752039,0.003141592653,0.00667588438763,0.00353429173463,0.00392699081625,-0.0149225651018,0.00510508806113,0.0,0.0,0.0,-11.988,-10.756,-0.184,-20.768,-0.024,-0.708,0.084,10.168,-14.812,0.28,-19.468,-0.032,-0.18,-0.224,-20.48,0,0,/base,/head_1,1.20225267143,0.0555041298465,0.491948989189,0.200744196815,0.624592742408,0.582055688444,0.480413206653,0,0,/base,/neck_1,1.26226988527,0.00845411010894,0.312978121117,0.200744196815,0.624592742408,0.582055688444,0.480413206653,0,0,/base,/torso_1,1.32131032225,-0.0410568868649,0.145039333272,0.192045576499,0.628492328439,0.573717834682,0.488839171719,0,0,/base,/left_shoulder_1,1.20726677572,0.106893599335,0.264625988723,-0.0778546669488,0.776059853624,0.469811343132,0.413457441937,0,0,/base,/left_elbow_1,1.05668431612,0.169285374041,0.0979810821454,-0.0348796923366,0.776761191732,0.490772992254,0.393150515904,0,0,/base,/left_hand_1,0.89040318117,0.249405014161,-0.0578106265313,-0.507826260114,0.52037540413,-0.464935591907,0.505130501646,0,0,/base,/right_shoulder_1,1.31727299421,-0.0899853897487,0.361330237688,0.370604968692,-0.200311255881,0.804678871194,0.418353047321,0,0,/base,/right_elbow_1,1.4107995887,-0.220781919147,0.170910780644,0.531303673197,-0.250081758289,0.699166641629,0.407849884457,0,0,/base,/right_hand_1,1.43562747625,-0.294376865303,-0.0579004819661,-0.507826260114,0.52037540413,-0.464935591907,0.505130501646,0,0,/base,/left_hip_1,1.3421189967,-0.0221441107648,-0.056508267773,0.520375404112,0.507826260145,0.505130501686,0.464935591851,0,0,/base,/left_knee_1,1.3203822495,-0.00296469989284,-0.424952375699,0.520370087786,0.507832525764,0.505139545398,0.464924872629,0,0,/base,/left_foot_1,1.29948024326,0.015479604274,-0.779225376444,-0.507826260114,0.52037540413,-0.464935591907,0.505130501646,0,0,/base,/right_hip_1,1.41858252288,-0.15899166532,0.0107093734294,0.175502756401,0.790600005187,0.584727890765,0.0473677955641,0,0,/base,/right_knee_1,1.33649800198,-0.253077373877,-0.337125651355,-0.123660240027,0.71801667949,0.597909102887,-0.334162980739,0,0,/base,/right_foot_1,1.25760737239,-0.343483603362,-0.671588773989,-0.507826260114,0.52037540413,-0.464935591907,0.505130501646,0,0,/base,left_hand,0.810813434675,0.223772477337,0.0916704758386,0.120824517874,0.985077989921,-0.031627293781,0.118416653991,0,0,/base,right_hand,0.622628625844,-0.523778994729,0.316845141482,-0.074389904994,0.99583268634,-0.0240005600038,0.0469827199228
1522314866941312602,19113,1522314866914200067,,205582,1522314866899713039,0,222,66,289,61,133,449,146,348,206110,1522314866906181097,base,101.0,9143.0,-9279.0,9936.0,0.0,0.0,0.0,0.0,0.0,0.0,0.0,0.0,0.0,145.0,-35.0,-27.0,0.0,0.0,0.0,0.0,0.0,0.0,0.0,0.0,0.0,-1565.0,-1208.0,784.0,0.0,0.0,0.0,0.0,0.0,0.0,0.0,0.0,0.0,0,0,,0.0,0.0,0.0,0.0,0.0,0.0,0.0,0.0,0.0,0.0,0.0,0.0,0.0,0.0,0.0,0.0,0.0,0.0,0.0,963981,1522314866840497392,,head_nod,head_pan,left_e0,left_e1,left_s0,left_s1,left_w0,left_w1,left_w2,right_e0,right_e1,right_s0,right_s1,right_w0,right_w1,right_w2,torso_t0,0.0,-0.101626227197,-0.623946685472,1.27167007316,-0.442553457305,-0.51656803032,0.643888435715,0.768907869928,-0.13422331894,0.907349636034,1.60070895216,-0.284553436153,-1.03160207985,-0.482053462593,1.12402442232,-0.207470901562,-12.5659871192,0.0,-0.00235619448975,0.273711259893,-0.454745536522,-0.401731160502,0.143727863875,0.210486707751,0.0977820713246,-0.132339590508,0.0015707963265,-0.00589048622438,0.00863937979575,-0.00353429173463,0.00274889357138,-0.00117809724488,-0.0137444678569,0.0,0.0,0.0,-11.988,-10.728,-0.308,-20.672,0.0,-0.708,0.112,10.104,-14.752,0.216,-19.468,-0.024,-0.22,-0.212,-20.48,0,0,/base,/head_1,1.20225267143,0.0555041298465,0.491948989189,0.200744196815,0.624592742408,0.582055688444,0.480413206653,0,0,/base,/neck_1,1.26226988527,0.00845411010894,0.312978121117,0.200744196815,0.624592742408,0.582055688444,0.480413206653,0,0,/base,/torso_1,1.32131032225,-0.0410568868649,0.145039333272,0.192045576499,0.628492328439,0.573717834682,0.488839171719,0,0,/base,/left_shoulder_1,1.20726677572,0.106893599335,0.264625988723,-0.0778546669488,0.776059853624,0.469811343132,0.413457441937,0,0,/base,/left_elbow_1,1.05668431612,0.169285374041,0.0979810821454,-0.0348796923366,0.776761191732,0.490772992254,0.393150515904,0,0,/base,/left_hand_1,0.89040318117,0.249405014161,-0.0578106265313,-0.507826260114,0.52037540413,-0.464935591907,0.505130501646,0,0,/base,/right_shoulder_1,1.31727299421,-0.0899853897487,0.361330237688,0.370604968692,-0.200311255881,0.804678871194,0.418353047321,0,0,/base,/right_elbow_1,1.4107995887,-0.220781919147,0.170910780644,0.531303673197,-0.250081758289,0.699166641629,0.407849884457,0,0,/base,/right_hand_1,1.43562747625,-0.294376865303,-0.0579004819661,-0.507826260114,0.52037540413,-0.464935591907,0.505130501646,0,0,/base,/left_hip_1,1.3421189967,-0.0221441107648,-0.056508267773,0.520375404112,0.507826260145,0.505130501686,0.464935591851,0,0,/base,/left_knee_1,1.3203822495,-0.00296469989284,-0.424952375699,0.520370087786,0.507832525764,0.505139545398,0.464924872629,0,0,/base,/left_foot_1,1.29948024326,0.015479604274,-0.779225376444,-0.507826260114,0.52037540413,-0.464935591907,0.505130501646,0,0,/base,/right_hip_1,1.41858252288,-0.15899166532,0.0107093734294,0.175502756401,0.790600005187,0.584727890765,0.0473677955641,0,0,/base,/right_knee_1,1.33649800198,-0.253077373877,-0.337125651355,-0.123660240027,0.71801667949,0.597909102887,-0.334162980739,0,0,/base,/right_foot_1,1.25760737239,-0.343483603362,-0.671588773989,-0.507826260114,0.52037540413,-0.464935591907,0.505130501646,0,0,/base,left_hand,0.810813434675,0.223772477337,0.0916704758386,0.120824517874,0.985077989921,-0.031627293781,0.118416653991,0,0,/base,right_hand,0.622628625844,-0.523778994729,0.316845141482,-0.074389904994,0.99583268634,-0.0240005600038,0.0469827199228
1522314866943721831,19114,1522314866937599897,,205583,1522314866921181917,0,191,67,281,51,128,463,142,400,206110,1522314866906181097,base,101.0,9143.0,-9279.0,9936.0,0.0,0.0,0.0,0.0,0.0,0.0,0.0,0.0,0.0,145.0,-35.0,-27.0,0.0,0.0,0.0,0.0,0.0,0.0,0.0,0.0,0.0,-1565.0,-1208.0,784.0,0.0,0.0,0.0,0.0,0.0,0.0,0.0,0.0,0.0,0,0,,0.0,0.0,0.0,0.0,0.0,0.0,0.0,0.0,0.0,0.0,0.0,0.0,0.0,0.0,0.0,0.0,0.0,0.0,0.0,963984,1522314866870496366,,head_nod,head_pan,left_e0,left_e1,left_s0,left_s1,left_w0,left_w1,left_w2,right_e0,right_e1,right_s0,right_s1,right_w0,right_w1,right_w2,torso_t0,0.0,-0.101242732,-0.617043771927,1.26054871244,-0.453674818017,-0.512733078351,0.648873873276,0.774276802685,-0.137291280516,0.907349636034,1.60109244736,-0.284553436153,-1.03083508946,-0.481669967396,1.12402442232,-0.208621387152,-12.5659871192,0.0,0.0047123889795,0.238368342546,-0.39623337336,-0.375813021115,0.124878307957,0.160221225303,0.201847327955,-0.103672557549,-0.00117809724488,0.009424777959,0.003141592653,-0.00392699081625,-0.0113882733671,-0.0015707963265,-0.0176714586731,0.0,0.0,0.0,-11.988,-10.788,-0.248,-20.704,-0.052,-0.716,0.084,10.196,-14.844,0.34,-19.436,-0.032,-0.168,-0.224,-20.48,0,0,/base,/head_1,1.20225267143,0.0555041298465,0.491948989189,0.200744196815,0.624592742408,0.582055688444,0.480413206653,0,0,/base,/neck_1,1.26226988527,0.00845411010894,0.312978121117,0.200744196815,0.624592742408,0.582055688444,0.480413206653,0,0,/base,/torso_1,1.32131032225,-0.0410568868649,0.145039333272,0.192045576499,0.628492328439,0.573717834682,0.488839171719,0,0,/base,/left_shoulder_1,1.20726677572,0.106893599335,0.264625988723,-0.0778546669488,0.776059853624,0.469811343132,0.413457441937,0,0,/base,/left_elbow_1,1.05668431612,0.169285374041,0.0979810821454,-0.0348796923366,0.776761191732,0.490772992254,0.393150515904,0,0,/base,/left_hand_1,0.89040318117,0.249405014161,-0.0578106265313,-0.507826260114,0.52037540413,-0.464935591907,0.505130501646,0,0,/base,/right_shoulder_1,1.31727299421,-0.0899853897487,0.361330237688,0.370604968692,-0.200311255881,0.804678871194,0.418353047321,0,0,/base,/right_elbow_1,1.4107995887,-0.220781919147,0.170910780644,0.531303673197,-0.250081758289,0.699166641629,0.407849884457,0,0,/base,/right_hand_1,1.43562747625,-0.294376865303,-0.0579004819661,-0.507826260114,0.52037540413,-0.464935591907,0.505130501646,0,0,/base,/left_hip_1,1.3421189967,-0.0221441107648,-0.056508267773,0.520375404112,0.507826260145,0.505130501686,0.464935591851,0,0,/base,/left_knee_1,1.3203822495,-0.00296469989284,-0.424952375699,0.520370087786,0.507832525764,0.505139545398,0.464924872629,0,0,/base,/left_foot_1,1.29948024326,0.015479604274,-0.779225376444,-0.507826260114,0.52037540413,-0.464935591907,0.505130501646,0,0,/base,/right_hip_1,1.41858252288,-0.15899166532,0.0107093734294,0.175502756401,0.790600005187,0.584727890765,0.0473677955641,0,0,/base,/right_knee_1,1.33649800198,-0.253077373877,-0.337125651355,-0.123660240027,0.71801667949,0.597909102887,-0.334162980739,0,0,/base,/right_foot_1,1.25760737239,-0.343483603362,-0.671588773989,-0.507826260114,0.52037540413,-0.464935591907,0.505130501646,0,0,/base,left_hand,0.81301690927,0.222246457358,0.0906016214425,0.122241491817,0.985096125958,-0.0269697899412,0.117963005774,0,0,/base,right_hand,0.622487303337,-0.523558749397,0.316381439056,-0.0749576704023,0.995818017654,-0.0234475000267,0.0466694558159
1522314866981164305,19276,1522314866942862033,,205583,1522314866921181917,0,191,67,281,51,128,463,142,400,206110,1522314866906181097,base,101.0,9143.0,-9279.0,9936.0,0.0,0.0,0.0,0.0,0.0,0.0,0.0,0.0,0.0,145.0,-35.0,-27.0,0.0,0.0,0.0,0.0,0.0,0.0,0.0,0.0,0.0,-1565.0,-1208.0,784.0,0.0,0.0,0.0,0.0,0.0,0.0,0.0,0.0,0.0,0,0,,0.0,0.0,0.0,0.0,0.0,0.0,0.0,0.0,0.0,0.0,0.0,0.0,0.0,0.0,0.0,0.0,0.0,0.0,0.0,963984,1522314866870496366,,head_nod,head_pan,left_e0,left_e1,left_s0,left_s1,left_w0,left_w1,left_w2,right_e0,right_e1,right_s0,right_s1,right_w0,right_w1,right_w2,torso_t0,0.0,-0.101242732,-0.617043771927,1.26054871244,-0.453674818017,-0.512733078351,0.648873873276,0.774276802685,-0.137291280516,0.907349636034,1.60109244736,-0.284553436153,-1.03083508946,-0.481669967396,1.12402442232,-0.208621387152,-12.5659871192,0.0,0.0047123889795,0.238368342546,-0.39623337336,-0.375813021115,0.124878307957,0.160221225303,0.201847327955,-0.103672557549,-0.00117809724488,0.009424777959,0.003141592653,-0.00392699081625,-0.0113882733671,-0.0015707963265,-0.0176714586731,0.0,0.0,0.0,-11.988,-10.788,-0.248,-20.704,-0.052,-0.716,0.084,10.196,-14.844,0.34,-19.436,-0.032,-0.168,-0.224,-20.48,0,0,/base,/head_1,1.20225267143,0.0555041298465,0.491948989189,0.200744196815,0.624592742408,0.582055688444,0.480413206653,0,0,/base,/neck_1,1.26226988527,0.00845411010894,0.312978121117,0.200744196815,0.624592742408,0.582055688444,0.480413206653,0,0,/base,/torso_1,1.32131032225,-0.0410568868649,0.145039333272,0.192045576499,0.628492328439,0.573717834682,0.488839171719,0,0,/base,/left_shoulder_1,1.20726677572,0.106893599335,0.264625988723,-0.0778546669488,0.776059853624,0.469811343132,0.413457441937,0,0,/base,/left_elbow_1,1.05668431612,0.169285374041,0.0979810821454,-0.0348796923366,0.776761191732,0.490772992254,0.393150515904,0,0,/base,/left_hand_1,0.89040318117,0.249405014161,-0.0578106265313,-0.507826260114,0.52037540413,-0.464935591907,0.505130501646,0,0,/base,/right_shoulder_1,1.31727299421,-0.0899853897487,0.361330237688,0.370604968692,-0.200311255881,0.804678871194,0.418353047321,0,0,/base,/right_elbow_1,1.4107995887,-0.220781919147,0.170910780644,0.531303673197,-0.250081758289,0.699166641629,0.407849884457,0,0,/base,/right_hand_1,1.43562747625,-0.294376865303,-0.0579004819661,-0.507826260114,0.52037540413,-0.464935591907,0.505130501646,0,0,/base,/left_hip_1,1.3421189967,-0.0221441107648,-0.056508267773,0.520375404112,0.507826260145,0.505130501686,0.464935591851,0,0,/base,/left_knee_1,1.3203822495,-0.00296469989284,-0.424952375699,0.520370087786,0.507832525764,0.505139545398,0.464924872629,0,0,/base,/left_foot_1,1.29948024326,0.015479604274,-0.779225376444,-0.507826260114,0.52037540413,-0.464935591907,0.505130501646,0,0,/base,/right_hip_1,1.41858252288,-0.15899166532,0.0107093734294,0.175502756401,0.790600005187,0.584727890765,0.0473677955641,0,0,/base,/right_knee_1,1.33649800198,-0.253077373877,-0.337125651355,-0.123660240027,0.71801667949,0.597909102887,-0.334162980739,0,0,/base,/right_foot_1,1.25760737239,-0.343483603362,-0.671588773989,-0.507826260114,0.52037540413,-0.464935591907,0.505130501646,0,0,/base,left_hand,0.81301690927,0.222246457358,0.0906016214425,0.122241491817,0.985096125958,-0.0269697899412,0.117963005774,0,0,/base,right_hand,0.622487303337,-0.523558749397,0.316381439056,-0.0749576704023,0.995818017654,-0.0234475000267,0.0466694558159
1522314866981173168,19277,1522314866962526082,,205584,1522314866948879003,0,194,74,291,57,124,388,137,383,206112,1522314866949466943,base,98.0,9142.0,-9271.0,9944.0,0.0,0.0,0.0,0.0,0.0,0.0,0.0,0.0,0.0,-4.0,-13.0,18.0,0.0,0.0,0.0,0.0,0.0,0.0,0.0,0.0,0.0,-1514.0,-1420.0,891.0,0.0,0.0,0.0,0.0,0.0,0.0,0.0,0.0,0.0,0,0,,0.0,0.0,0.0,0.0,0.0,0.0,0.0,0.0,0.0,0.0,0.0,0.0,0.0,0.0,0.0,0.0,0.0,0.0,0.0,963986,1522314866890501331,,head_nod,head_pan,left_e0,left_e1,left_s0,left_s1,left_w0,left_w1,left_w2,right_e0,right_e1,right_s0,right_s1,right_w0,right_w1,right_w2,torso_t0,0.0,-0.102009722394,-0.613975810351,1.2536457989,-0.460577731563,-0.510432107169,0.651558339654,0.778495249852,-0.139592251698,0.906966140837,1.60109244736,-0.284169940956,-1.03121858466,-0.48243695779,1.12364092713,-0.208621387152,-12.5659871192,0.0,0.00903207887738,0.207345115098,-0.397411470605,-0.340470103769,0.091106186937,0.132732289589,0.246222324179,-0.0828595062229,0.00431968989788,-0.00903207887738,-0.00078539816325,0.00117809724488,0.00589048622438,0.00549778714275,-0.00392699081625,0.0,0.0,0.0,-12.052,-10.664,-0.34,-20.64,-0.032,-0.696,0.128,10.168,-14.844,0.308,-19.468,-0.024,-0.188,-0.204,-20.48,0,0,/base,/head_1,1.19994312994,0.0569143054495,0.491648349728,0.197520934178,0.624442818773,0.582107031887,0.481879704981,0,0,/base,/neck_1,1.26108869473,0.00939445856911,0.313212928785,0.197520934178,0.624442818773,0.582107031887,0.481879704981,0,0,/base,/torso_1,1.32098298088,-0.0407410718971,0.145761682786,0.189143704299,0.628767149101,0.573209345031,0.490211768632,0,0,/base,/left_shoulder_1,1.206143225,0.10753242438,0.264183345445,-0.0770600652546,0.775251375528,0.470031369607,0.41487053724,0,0,/base,/left_elbow_1,1.0557337677,0.170725283998,0.0969991896505,-0.037908052715,0.775714096119,0.489062469294,0.397049772384,0,0,/base,/left_hand_1,0.89101793918,0.250338429652,-0.0607698017607,-0.507826260114,0.52037540413,-0.464935591907,0.505130501646,0,0,/base,/right_shoulder_1,1.31603410374,-0.088743516637,0.362242515217,0.371348600052,-0.20129469176,0.805022891035,0.41655588967,0,0,/base,/right_elbow_1,1.41010827086,-0.218737543623,0.171284789409,0.529650243551,-0.248142987255,0.700880764293,0.408242368732,0,0,/base,/right_hand_1,1.43562950364,-0.293500510726,-0.0570749612818,-0.507826260114,0.52037540413,-0.464935591907,0.505130501646,0,0,/base,/left_hip_1,1.34268574585,-0.0226627807472,-0.0557690900364,0.520375404115,0.507826260138,0.505130501678,0.464935591862,0,0,/base,/left_knee_1,1.32094899685,-0.00348336829159,-0.424213228386,0.520370619427,0.507831899204,0.505138641028,0.464925944563,0,0,/base,/left_foot_1,1.3000471192,0.0149606804947,-0.778486250011,-0.507826260114,0.52037540413,-0.464935591907,0.505130501646,0,0,/base,/right_hip_1,1.41906878843,-0.159090431595,0.0123899632024,0.174575870578,0.790653149275,0.584905183457,0.0477157135419,0,0,/base,/right_knee_1,1.33767397913,-0.253264673582,-0.335591349083,-0.119886484437,0.72081730999,0.598546169612,-0.328317101765,0,0,/base,/right_foot_1,1.25942813267,-0.343786470305,-0.670191709832,-0.507826260114,0.52037540413,-0.464935591907,0.505130501646,0,0,/base,left_hand,0.814256280058,0.220597713693,0.0902536471099,0.123043171169,0.985114375811,-0.0246169287818,0.117490643956,0,0,/base,right_hand,0.622599903084,-0.523720630811,0.316490773771,-0.0751445088353,0.995783745433,-0.0240368553825,0.0468002639671
1522314866981197763,19115,1522314866955243110,,205584,1522314866948879003,0,194,74,291,57,124,388,137,383,206112,1522314866949466943,base,98.0,9142.0,-9271.0,9944.0,0.0,0.0,0.0,0.0,0.0,0.0,0.0,0.0,0.0,-4.0,-13.0,18.0,0.0,0.0,0.0,0.0,0.0,0.0,0.0,0.0,0.0,-1514.0,-1420.0,891.0,0.0,0.0,0.0,0.0,0.0,0.0,0.0,0.0,0.0,0,0,,0.0,0.0,0.0,0.0,0.0,0.0,0.0,0.0,0.0,0.0,0.0,0.0,0.0,0.0,0.0,0.0,0.0,0.0,0.0,963986,1522314866890501331,,head_nod,head_pan,left_e0,left_e1,left_s0,left_s1,left_w0,left_w1,left_w2,right_e0,right_e1,right_s0,right_s1,right_w0,right_w1,right_w2,torso_t0,0.0,-0.102009722394,-0.613975810351,1.2536457989,-0.460577731563,-0.510432107169,0.651558339654,0.778495249852,-0.139592251698,0.906966140837,1.60109244736,-0.284169940956,-1.03121858466,-0.48243695779,1.12364092713,-0.208621387152,-12.5659871192,0.0,0.00903207887738,0.207345115098,-0.397411470605,-0.340470103769,0.091106186937,0.132732289589,0.246222324179,-0.0828595062229,0.00431968989788,-0.00903207887738,-0.00078539816325,0.00117809724488,0.00589048622438,0.00549778714275,-0.00392699081625,0.0,0.0,0.0,-12.052,-10.664,-0.34,-20.64,-0.032,-0.696,0.128,10.168,-14.844,0.308,-19.468,-0.024,-0.188,-0.204,-20.48,0,0,/base,/head_1,1.19994312994,0.0569143054495,0.491648349728,0.197520934178,0.624442818773,0.582107031887,0.481879704981,0,0,/base,/neck_1,1.26108869473,0.00939445856911,0.313212928785,0.197520934178,0.624442818773,0.582107031887,0.481879704981,0,0,/base,/torso_1,1.32098298088,-0.0407410718971,0.145761682786,0.189143704299,0.628767149101,0.573209345031,0.490211768632,0,0,/base,/left_shoulder_1,1.206143225,0.10753242438,0.264183345445,-0.0770600652546,0.775251375528,0.470031369607,0.41487053724,0,0,/base,/left_elbow_1,1.0557337677,0.170725283998,0.0969991896505,-0.037908052715,0.775714096119,0.489062469294,0.397049772384,0,0,/base,/left_hand_1,0.89101793918,0.250338429652,-0.0607698017607,-0.507826260114,0.52037540413,-0.464935591907,0.505130501646,0,0,/base,/right_shoulder_1,1.31603410374,-0.088743516637,0.362242515217,0.371348600052,-0.20129469176,0.805022891035,0.41655588967,0,0,/base,/right_elbow_1,1.41010827086,-0.218737543623,0.171284789409,0.529650243551,-0.248142987255,0.700880764293,0.408242368732,0,0,/base,/right_hand_1,1.43562950364,-0.293500510726,-0.0570749612818,-0.507826260114,0.52037540413,-0.464935591907,0.505130501646,0,0,/base,/left_hip_1,1.34268574585,-0.0226627807472,-0.0557690900364,0.520375404115,0.507826260138,0.505130501678,0.464935591862,0,0,/base,/left_knee_1,1.32094899685,-0.00348336829159,-0.424213228386,0.520370619427,0.507831899204,0.505138641028,0.464925944563,0,0,/base,/left_foot_1,1.3000471192,0.0149606804947,-0.778486250011,-0.507826260114,0.52037540413,-0.464935591907,0.505130501646,0,0,/base,/right_hip_1,1.41906878843,-0.159090431595,0.0123899632024,0.174575870578,0.790653149275,0.584905183457,0.0477157135419,0,0,/base,/right_knee_1,1.33767397913,-0.253264673582,-0.335591349083,-0.119886484437,0.72081730999,0.598546169612,-0.328317101765,0,0,/base,/right_foot_1,1.25942813267,-0.343786470305,-0.670191709832,-0.507826260114,0.52037540413,-0.464935591907,0.505130501646,0,0,/base,left_hand,0.814256280058,0.220597713693,0.0902536471099,0.123043171169,0.985114375811,-0.0246169287818,0.117490643956,0,0,/base,right_hand,0.622599903084,-0.523720630811,0.316490773771,-0.0751445088353,0.995783745433,-0.0240368553825,0.0468002639671
1522314867021143057,19278,1522314866982728958,,205586,1522314866973754882,0,191,69,285,56,108,336,122,380,206113,1522314866967526912,base,111.0,9129.0,-9276.0,9951.0,0.0,0.0,0.0,0.0,0.0,0.0,0.0,0.0,0.0,85.0,-27.0,14.0,0.0,0.0,0.0,0.0,0.0,0.0,0.0,0.0,0.0,-1529.0,-1297.0,839.0,0.0,0.0,0.0,0.0,0.0,0.0,0.0,0.0,0.0,0,0,,0.0,0.0,0.0,0.0,0.0,0.0,0.0,0.0,0.0,0.0,0.0,0.0,0.0,0.0,0.0,0.0,0.0,0.0,0.0,963988,1522314866910500890,,head_nod,head_pan,left_e0,left_e1,left_s0,left_s1,left_w0,left_w1,left_w2,right_e0,right_e1,right_s0,right_s1,right_w0,right_w1,right_w2,torso_t0,0.0,-0.101626227197,-0.608990372791,1.24597589496,-0.467097149911,-0.508898126381,0.652325330048,0.784247677806,-0.139208756501,0.906966140837,1.60109244736,-0.284553436153,-1.03121858466,-0.482053462593,1.12364092713,-0.208237891955,-12.5659871192,0.0,-0.00824668071413,0.189280957343,-0.383667002748,-0.298451302035,0.0969966731614,0.081681408978,0.265071880097,-0.0365210145911,-0.00235619448975,0.000392699081625,0.00431968989788,-0.00196349540813,0.012566370612,0.0192422549996,-0.000392699081625,0.0,0.0,0.0,-12.02,-10.788,-0.34,-20.868,0.016,-0.62,0.14,10.292,-14.812,0.308,-19.468,-0.048,-0.188,-0.224,-20.48,0,0,/base,/head_1,1.1990966065,0.057397551637,0.490328952751,0.197430291186,0.623053037077,0.580966598415,0.485081441242,0,0,/base,/neck_1,1.26058069705,0.0095812028166,0.313120789542,0.197430291186,0.623053037077,0.580966598415,0.485081441242,0,0,/base,/torso_1,1.32083554132,-0.0401378189266,0.14567390622,0.190388153409,0.626454508613,0.573780618615,0.492019208346,0,0,/base,/left_shoulder_1,1.20618607357,0.108127449498,0.264292744806,-0.0787140996451,0.775499135128,0.469086995169,0.41516571739,0,0,/base,/left_elbow_1,1.05654151822,0.170373288936,0.0972169386947,-0.0353140189895,0.774570876349,0.489496344215,0.398981461442,0,0,/base,/left_hand_1,0.892456703953,0.251528221294,-0.0604694868834,-0.507826260114,0.52037540413,-0.464935591907,0.505130501646,0,0,/base,/right_shoulder_1,1.31497526022,-0.0889650350128,0.361948853604,0.365991428398,-0.201532407994,0.806152971519,0.418989676936,0,0,/base,/right_elbow_1,1.40940467562,-0.219834558498,0.173838908458,0.530943052597,-0.25187668198,0.698414587428,0.40850296944,0,0,/base,/right_hand_1,1.43416036948,-0.293085687635,-0.0550938132394,-0.507826260114,0.52037540413,-0.464935591907,0.505130501646,0,0,/base,/left_hip_1,1.34328187368,-0.0213593866217,-0.0557123499117,0.520375404118,0.507826260133,0.505130501672,0.464935591871,0,0,/base,/left_knee_1,1.32154512468,-0.00217997416606,-0.424156488261,0.520371097902,0.5078313353,0.505137827095,0.464926909302,0,0,/base,/left_foot_1,1.30064337502,0.0162638420873,-0.778429529541,-0.507826260114,0.52037540413,-0.464935591907,0.505130501646,0,0,/base,/right_hip_1,1.41889889639,-0.15835428631,0.012166380905,0.175201208922,0.790841382574,0.584227816192,0.0505203205466,0,0,/base,/right_knee_1,1.33830074453,-0.252953048131,-0.335888774306,-0.122714300883,0.720268896957,0.597476773921,-0.330417041117,0,0,/base,/right_foot_1,1.26081189722,-0.343898236466,-0.670558589796,-0.507826260114,0.52037540413,-0.464935591907,0.505130501646,0,0,/base,left_hand,0.814256280058,0.220597713693,0.0902536471099,0.123043171169,0.985114375811,-0.0246169287818,0.117490643956,0,0,/base,right_hand,0.622599903084,-0.523720630811,0.316490773771,-0.0751445088353,0.995783745433,-0.0240368553825,0.0468002639671
1522314867021170680,19279,1522314867002422094,,205587,1522314866997824907,0,182,55,184,53,109,325,122,356,206114,1522314866997174024,base,123.0,9115.0,-9280.0,9961.0,0.0,0.0,0.0,0.0,0.0,0.0,0.0,0.0,0.0,79.0,-70.0,-16.0,0.0,0.0,0.0,0.0,0.0,0.0,0.0,0.0,0.0,-1539.0,-1206.0,787.0,0.0,0.0,0.0,0.0,0.0,0.0,0.0,0.0,0.0,0,0,,0.0,0.0,0.0,0.0,0.0,0.0,0.0,0.0,0.0,0.0,0.0,0.0,0.0,0.0,0.0,0.0,0.0,0.0,0.0,963989,1522314866920494437,,head_nod,head_pan,left_e0,left_e1,left_s0,left_s1,left_w0,left_w1,left_w2,right_e0,right_e1,right_s0,right_s1,right_w0,right_w1,right_w2,torso_t0,0.0,-0.101242732,-0.608606877594,1.24329142858,-0.469014625896,-0.50774764079,0.653859310836,0.786932144185,-0.139208756501,0.908116626428,1.60070895216,-0.284553436153,-1.03160207985,-0.482053462593,1.12402442232,-0.207470901562,-12.5659871192,0.0,-0.00353429173463,0.196349540813,-0.353036474381,-0.28745572775,0.0875718952024,0.0647953484681,0.300807496525,-0.012566370612,0.00667588438763,-0.00981747704063,-0.00196349540813,-0.0106028752039,-0.009424777959,0.00353429173463,0.0247400421424,0.0,0.0,0.0,-12.084,-10.852,-0.436,-20.932,0.032,-0.64,0.112,10.168,-14.812,0.308,-19.496,-0.024,-0.228,-0.224,-20.48,0,0,/base,/head_1,1.1990966065,0.057397551637,0.490328952751,0.197430291186,0.623053037077,0.580966598415,0.485081441242,0,0,/base,/neck_1,1.26058069705,0.0095812028166,0.313120789542,0.197430291186,0.623053037077,0.580966598415,0.485081441242,0,0,/base,/torso_1,1.32083554132,-0.0401378189266,0.14567390622,0.190388153409,0.626454508613,0.573780618615,0.492019208346,0,0,/base,/left_shoulder_1,1.20618607357,0.108127449498,0.264292744806,-0.0787140996451,0.775499135128,0.469086995169,0.41516571739,0,0,/base,/left_elbow_1,1.05654151822,0.170373288936,0.0972169386947,-0.0353140189895,0.774570876349,0.489496344215,0.398981461442,0,0,/base,/left_hand_1,0.892456703953,0.251528221294,-0.0604694868834,-0.507826260114,0.52037540413,-0.464935591907,0.505130501646,0,0,/base,/right_shoulder_1,1.31497526022,-0.0889650350128,0.361948853604,0.365991428398,-0.201532407994,0.806152971519,0.418989676936,0,0,/base,/right_elbow_1,1.40940467562,-0.219834558498,0.173838908458,0.530943052597,-0.25187668198,0.698414587428,0.40850296944,0,0,/base,/right_hand_1,1.43416036948,-0.293085687635,-0.0550938132394,-0.507826260114,0.52037540413,-0.464935591907,0.505130501646,0,0,/base,/left_hip_1,1.34328187368,-0.0213593866217,-0.0557123499117,0.520375404118,0.507826260133,0.505130501672,0.464935591871,0,0,/base,/left_knee_1,1.32154512468,-0.00217997416606,-0.424156488261,0.520371097902,0.5078313353,0.505137827095,0.464926909302,0,0,/base,/left_foot_1,1.30064337502,0.0162638420873,-0.778429529541,-0.507826260114,0.52037540413,-0.464935591907,0.505130501646,0,0,/base,/right_hip_1,1.41889889639,-0.15835428631,0.012166380905,0.175201208922,0.790841382574,0.584227816192,0.0505203205466,0,0,/base,/right_knee_1,1.33830074453,-0.252953048131,-0.335888774306,-0.122714300883,0.720268896957,0.597476773921,-0.330417041117,0,0,/base,/right_foot_1,1.26081189722,-0.343898236466,-0.670558589796,-0.507826260114,0.52037540413,-0.464935591907,0.505130501646,0,0,/base,left_hand,0.815805795255,0.219969518786,0.0899335142373,0.124529843603,0.985208565545,-0.0206254600272,0.115892151707,0,0,/base,right_hand,0.622788506218,-0.523419175259,0.316987420078,-0.0747092620099,0.995802293174,-0.0239036893515,0.047169192422
1522314867021173945,19116,1522314866983699083,,205586,1522314866973754882,0,191,69,285,56,108,336,122,380,206113,1522314866967526912,base,111.0,9129.0,-9276.0,9951.0,0.0,0.0,0.0,0.0,0.0,0.0,0.0,0.0,0.0,85.0,-27.0,14.0,0.0,0.0,0.0,0.0,0.0,0.0,0.0,0.0,0.0,-1529.0,-1297.0,839.0,0.0,0.0,0.0,0.0,0.0,0.0,0.0,0.0,0.0,0,0,,0.0,0.0,0.0,0.0,0.0,0.0,0.0,0.0,0.0,0.0,0.0,0.0,0.0,0.0,0.0,0.0,0.0,0.0,0.0,963988,1522314866910500890,,head_nod,head_pan,left_e0,left_e1,left_s0,left_s1,left_w0,left_w1,left_w2,right_e0,right_e1,right_s0,right_s1,right_w0,right_w1,right_w2,torso_t0,0.0,-0.101626227197,-0.608990372791,1.24597589496,-0.467097149911,-0.508898126381,0.652325330048,0.784247677806,-0.139208756501,0.906966140837,1.60109244736,-0.284553436153,-1.03121858466,-0.482053462593,1.12364092713,-0.208237891955,-12.5659871192,0.0,-0.00824668071413,0.189280957343,-0.383667002748,-0.298451302035,0.0969966731614,0.081681408978,0.265071880097,-0.0365210145911,-0.00235619448975,0.000392699081625,0.00431968989788,-0.00196349540813,0.012566370612,0.0192422549996,-0.000392699081625,0.0,0.0,0.0,-12.02,-10.788,-0.34,-20.868,0.016,-0.62,0.14,10.292,-14.812,0.308,-19.468,-0.048,-0.188,-0.224,-20.48,0,0,/base,/head_1,1.1990966065,0.057397551637,0.490328952751,0.197430291186,0.623053037077,0.580966598415,0.485081441242,0,0,/base,/neck_1,1.26058069705,0.0095812028166,0.313120789542,0.197430291186,0.623053037077,0.580966598415,0.485081441242,0,0,/base,/torso_1,1.32083554132,-0.0401378189266,0.14567390622,0.190388153409,0.626454508613,0.573780618615,0.492019208346,0,0,/base,/left_shoulder_1,1.20618607357,0.108127449498,0.264292744806,-0.0787140996451,0.775499135128,0.469086995169,0.41516571739,0,0,/base,/left_elbow_1,1.05654151822,0.170373288936,0.0972169386947,-0.0353140189895,0.774570876349,0.489496344215,0.398981461442,0,0,/base,/left_hand_1,0.892456703953,0.251528221294,-0.0604694868834,-0.507826260114,0.52037540413,-0.464935591907,0.505130501646,0,0,/base,/right_shoulder_1,1.31497526022,-0.0889650350128,0.361948853604,0.365991428398,-0.201532407994,0.806152971519,0.418989676936,0,0,/base,/right_elbow_1,1.40940467562,-0.219834558498,0.173838908458,0.530943052597,-0.25187668198,0.698414587428,0.40850296944,0,0,/base,/right_hand_1,1.43416036948,-0.293085687635,-0.0550938132394,-0.507826260114,0.52037540413,-0.464935591907,0.505130501646,0,0,/base,/left_hip_1,1.34328187368,-0.0213593866217,-0.0557123499117,0.520375404118,0.507826260133,0.505130501672,0.464935591871,0,0,/base,/left_knee_1,1.32154512468,-0.00217997416606,-0.424156488261,0.520371097902,0.5078313353,0.505137827095,0.464926909302,0,0,/base,/left_foot_1,1.30064337502,0.0162638420873,-0.778429529541,-0.507826260114,0.52037540413,-0.464935591907,0.505130501646,0,0,/base,/right_hip_1,1.41889889639,-0.15835428631,0.012166380905,0.175201208922,0.790841382574,0.584227816192,0.0505203205466,0,0,/base,/right_knee_1,1.33830074453,-0.252953048131,-0.335888774306,-0.122714300883,0.720268896957,0.597476773921,-0.330417041117,0,0,/base,/right_foot_1,1.26081189722,-0.343898236466,-0.670558589796,-0.507826260114,0.52037540413,-0.464935591907,0.505130501646,0,0,/base,left_hand,0.814256280058,0.220597713693,0.0902536471099,0.123043171169,0.985114375811,-0.0246169287818,0.117490643956,0,0,/base,right_hand,0.622599903084,-0.523720630811,0.316490773771,-0.0751445088353,0.995783745433,-0.0240368553825,0.0468002639671
1522314867021187561,19117,1522314867002475023,,205587,1522314866997824907,0,182,55,184,53,109,325,122,356,206114,1522314866997174024,base,123.0,9115.0,-9280.0,9961.0,0.0,0.0,0.0,0.0,0.0,0.0,0.0,0.0,0.0,79.0,-70.0,-16.0,0.0,0.0,0.0,0.0,0.0,0.0,0.0,0.0,0.0,-1539.0,-1206.0,787.0,0.0,0.0,0.0,0.0,0.0,0.0,0.0,0.0,0.0,0,0,,0.0,0.0,0.0,0.0,0.0,0.0,0.0,0.0,0.0,0.0,0.0,0.0,0.0,0.0,0.0,0.0,0.0,0.0,0.0,963990,1522314866930499320,,head_nod,head_pan,left_e0,left_e1,left_s0,left_s1,left_w0,left_w1,left_w2,right_e0,right_e1,right_s0,right_s1,right_w0,right_w1,right_w2,torso_t0,0.0,-0.101626227197,-0.606689401609,1.23945647661,-0.472082587472,-0.506980650396,0.653859310836,0.790383600958,-0.138825261304,0.906966140837,1.60070895216,-0.284553436153,-1.03160207985,-0.481669967396,1.12364092713,-0.207854396758,-12.5659871192,0.0,0.0106028752039,0.168860605099,-0.34557519183,-0.290990019484,0.0860010988759,0.0577267649989,0.323584043259,0.0109955742855,-0.00863937979575,-0.0113882733671,0.00196349540813,-0.00746128255088,-0.000392699081625,0.0015707963265,-0.00078539816325,0.0,0.0,0.0,-11.856,-10.788,-0.308,-20.964,0.024,-0.668,0.12,10.228,-14.812,0.248,-19.38,-0.016,-0.22,-0.232,-20.48,0,0,/base,/head_1,1.1990966065,0.057397551637,0.490328952751,0.197430291186,0.623053037077,0.580966598415,0.485081441242,0,0,/base,/neck_1,1.26058069705,0.0095812028166,0.313120789542,0.197430291186,0.623053037077,0.580966598415,0.485081441242,0,0,/base,/torso_1,1.32083554132,-0.0401378189266,0.14567390622,0.190388153409,0.626454508613,0.573780618615,0.492019208346,0,0,/base,/left_shoulder_1,1.20618607357,0.108127449498,0.264292744806,-0.0787140996451,0.775499135128,0.469086995169,0.41516571739,0,0,/base,/left_elbow_1,1.05654151822,0.170373288936,0.0972169386947,-0.0353140189895,0.774570876349,0.489496344215,0.398981461442,0,0,/base,/left_hand_1,0.892456703953,0.251528221294,-0.0604694868834,-0.507826260114,0.52037540413,-0.464935591907,0.505130501646,0,0,/base,/right_shoulder_1,1.31497526022,-0.0889650350128,0.361948853604,0.365991428398,-0.201532407994,0.806152971519,0.418989676936,0,0,/base,/right_elbow_1,1.40940467562,-0.219834558498,0.173838908458,0.530943052597,-0.25187668198,0.698414587428,0.40850296944,0,0,/base,/right_hand_1,1.43416036948,-0.293085687635,-0.0550938132394,-0.507826260114,0.52037540413,-0.464935591907,0.505130501646,0,0,/base,/left_hip_1,1.34328187368,-0.0213593866217,-0.0557123499117,0.520375404118,0.507826260133,0.505130501672,0.464935591871,0,0,/base,/left_knee_1,1.32154512468,-0.00217997416606,-0.424156488261,0.520371097902,0.5078313353,0.505137827095,0.464926909302,0,0,/base,/left_foot_1,1.30064337502,0.0162638420873,-0.778429529541,-0.507826260114,0.52037540413,-0.464935591907,0.505130501646,0,0,/base,/right_hip_1,1.41889889639,-0.15835428631,0.012166380905,0.175201208922,0.790841382574,0.584227816192,0.0505203205466,0,0,/base,/right_knee_1,1.33830074453,-0.252953048131,-0.335888774306,-0.122714300883,0.720268896957,0.597476773921,-0.330417041117,0,0,/base,/right_foot_1,1.26081189722,-0.343898236466,-0.670558589796,-0.507826260114,0.52037540413,-0.464935591907,0.505130501646,0,0,/base,left_hand,0.815805795255,0.219969518786,0.0899335142373,0.124529843603,0.985208565545,-0.0206254600272,0.115892151707,0,0,/base,right_hand,0.622788506218,-0.523419175259,0.316987420078,-0.0747092620099,0.995802293174,-0.0239036893515,0.047169192422
1522314867061162373,19280,1522314867022546052,,205588,1522314867019165039,0,166,56,318,52,102,308,127,267,206115,1522314867003921985,base,117.0,9102.0,-9284.0,9968.0,0.0,0.0,0.0,0.0,0.0,0.0,0.0,0.0,0.0,28.0,-102.0,-51.0,0.0,0.0,0.0,0.0,0.0,0.0,0.0,0.0,0.0,-1485.0,-1240.0,782.0,0.0,0.0,0.0,0.0,0.0,0.0,0.0,0.0,0.0,0,0,,0.0,0.0,0.0,0.0,0.0,0.0,0.0,0.0,0.0,0.0,0.0,0.0,0.0,0.0,0.0,0.0,0.0,0.0,0.0,963993,1522314866960470025,,head_nod,head_pan,left_e0,left_e1,left_s0,left_s1,left_w0,left_w1,left_w2,right_e0,right_e1,right_s0,right_s1,right_w0,right_w1,right_w2,torso_t0,0.0,-0.100859236803,-0.60400493523,1.23063608708,-0.478985501017,-0.505063174411,0.653859310836,0.800354476079,-0.139975746895,0.906966140837,1.60032545696,-0.284553436153,-1.03121858466,-0.482820452987,1.12402442232,-0.207854396758,-12.5659871192,0.0,-0.003141592653,0.120558618059,-0.317300857953,-0.228158166424,0.0592975613254,0.00117809724488,0.359319659687,-0.0133517687753,-0.00078539816325,0.0161006623466,-0.0113882733671,0.009424777959,-0.003141592653,-0.00117809724488,0.0172787595915,0.0,0.0,0.0,-11.728,-10.788,-0.308,-21.196,-0.008,-0.572,0.092,10.26,-14.812,0.372,-19.468,-0.008,-0.208,-0.232,-20.48,0,0,/base,/head_1,1.1989220696,0.0599443798806,0.489474306251,0.194660037363,0.625376438912,0.580071328676,0.484281976906,0,0,/base,/neck_1,1.26059194132,0.0112731674981,0.312424896984,0.194660037363,0.625376438912,0.580071328676,0.484281976906,0,0,/base,/torso_1,1.32045774693,-0.0394865138356,0.145150512013,0.188519037513,0.629670930694,0.571941171539,0.49077325501,0,0,/base,/left_shoulder_1,1.2057232295,0.109283787567,0.263052836109,-0.0772561240367,0.776045675244,0.468579877844,0.41499096293,0,0,/base,/left_elbow_1,1.05645945377,0.171668573553,0.0968880835192,-0.0358974898232,0.775158113184,0.487959512323,0.399670844725,0,0,/base,/left_hand_1,0.892647429927,0.252467755558,-0.06129401521,-0.507826260114,0.52037540413,-0.464935591907,0.505130501646,0,0,/base,/right_shoulder_1,1.31546083606,-0.0867374548485,0.36179694695,0.365327785822,-0.196155111865,0.806775155805,0.420918791421,0,0,/base,/right_elbow_1,1.41131733595,-0.222362932926,0.170804348893,0.539546620282,-0.252069859411,0.691202040627,0.40937753914,0,0,/base,/right_hand_1,1.43130701774,-0.29349378651,-0.0596498238019,-0.507826260114,0.52037540413,-0.464935591907,0.505130501646,0,0,/base,/left_hip_1,1.34218553694,-0.0221211430131,-0.0564413251367,0.520375404121,0.507826260129,0.505130501667,0.464935591878,0,0,/base,/left_knee_1,1.32044878974,-0.00294173214118,-0.424885433063,0.520371528529,0.507830827785,0.505137094554,0.464927777566,0,0,/base,/left_foot_1,1.29954716747,0.0155018744269,-0.779158492774,-0.507826260114,0.52037540413,-0.464935591907,0.505130501646,0,0,/base,/right_hip_1,1.41846156837,-0.158371254941,0.0121935788125,0.173157926987,0.791159474786,0.584506448922,0.049348038937,0,0,/base,/right_knee_1,1.33852062118,-0.25325597669,-0.335937412877,-0.122714072697,0.72106254964,0.597145430294,-0.329283147073,0,0,/base,/right_foot_1,1.26165898905,-0.344483620701,-0.670679506046,-0.507826260114,0.52037540413,-0.464935591907,0.505130501646,0,0,/base,left_hand,0.817113362911,0.219388331919,0.0904289864357,0.125106038717,0.985462586795,-0.0172364047947,0.113643633582,0,0,/base,right_hand,0.622512247873,-0.524044758688,0.316447789294,-0.0743392076211,0.995849006701,-0.0235779475564,0.0469309967103
1522314867061181339,19281,1522314867042661905,,205589,1522314867034110069,0,160,47,318,48,106,323,110,299,206116,1522314867026261091,base,97.0,9093.0,-9288.0,9973.0,0.0,0.0,0.0,0.0,0.0,0.0,0.0,0.0,0.0,-40.0,-94.0,-59.0,0.0,0.0,0.0,0.0,0.0,0.0,0.0,0.0,0.0,-1441.0,-1327.0,852.0,0.0,0.0,0.0,0.0,0.0,0.0,0.0,0.0,0.0,0,0,,0.0,0.0,0.0,0.0,0.0,0.0,0.0,0.0,0.0,0.0,0.0,0.0,0.0,0.0,0.0,0.0,0.0,0.0,0.0,963994,1522314866970455063,,head_nod,head_pan,left_e0,left_e1,left_s0,left_s1,left_w0,left_w1,left_w2,right_e0,right_e1,right_s0,right_s1,right_w0,right_w1,right_w2,torso_t0,0.0,-0.101626227197,-0.602470954442,1.22718463031,-0.482053462593,-0.504296184017,0.654242806033,0.803805932852,-0.139592251698,0.906966140837,1.60070895216,-0.284553436153,-1.03160207985,-0.48243695779,1.12402442232,-0.207854396758,-12.5659871192,0.0,-0.00510508806113,0.10642145112,-0.303949089178,-0.241509935199,0.0428041998971,-0.0274889357138,0.34321899734,-0.000392699081625,-0.0015707963265,-0.00510508806113,0.0133517687753,0.00196349540813,-0.00431968989788,-0.00903207887738,-0.0212057504078,0.0,0.0,0.0,-11.632,-10.884,-0.372,-21.128,-0.008,-0.504,0.112,10.168,-14.812,0.372,-19.468,-0.016,-0.2,-0.224,-20.48,0,0,/base,/head_1,1.1989220696,0.0599443798806,0.489474306251,0.194660037363,0.625376438912,0.580071328676,0.484281976906,0,0,/base,/neck_1,1.26059194132,0.0112731674981,0.312424896984,0.194660037363,0.625376438912,0.580071328676,0.484281976906,0,0,/base,/torso_1,1.32045774693,-0.0394865138356,0.145150512013,0.188519037513,0.629670930694,0.571941171539,0.49077325501,0,0,/base,/left_shoulder_1,1.2057232295,0.109283787567,0.263052836109,-0.0772561240367,0.776045675244,0.468579877844,0.41499096293,0,0,/base,/left_elbow_1,1.05645945377,0.171668573553,0.0968880835192,-0.0358974898232,0.775158113184,0.487959512323,0.399670844725,0,0,/base,/left_hand_1,0.892647429927,0.252467755558,-0.06129401521,-0.507826260114,0.52037540413,-0.464935591907,0.505130501646,0,0,/base,/right_shoulder_1,1.31546083606,-0.0867374548485,0.36179694695,0.365327785822,-0.196155111865,0.806775155805,0.420918791421,0,0,/base,/right_elbow_1,1.41131733595,-0.222362932926,0.170804348893,0.539546620282,-0.252069859411,0.691202040627,0.40937753914,0,0,/base,/right_hand_1,1.43130701774,-0.29349378651,-0.0596498238019,-0.507826260114,0.52037540413,-0.464935591907,0.505130501646,0,0,/base,/left_hip_1,1.34218553694,-0.0221211430131,-0.0564413251367,0.520375404121,0.507826260129,0.505130501667,0.464935591878,0,0,/base,/left_knee_1,1.32044878974,-0.00294173214118,-0.424885433063,0.520371528529,0.507830827785,0.505137094554,0.464927777566,0,0,/base,/left_foot_1,1.29954716747,0.0155018744269,-0.779158492774,-0.507826260114,0.52037540413,-0.464935591907,0.505130501646,0,0,/base,/right_hip_1,1.41846156837,-0.158371254941,0.0121935788125,0.173157926987,0.791159474786,0.584506448922,0.049348038937,0,0,/base,/right_knee_1,1.33852062118,-0.25325597669,-0.335937412877,-0.122714072697,0.72106254964,0.597145430294,-0.329283147073,0,0,/base,/right_foot_1,1.26165898905,-0.344483620701,-0.670679506046,-0.507826260114,0.52037540413,-0.464935591907,0.505130501646,0,0,/base,left_hand,0.817523104808,0.217606911094,0.0902757609094,0.125772358312,0.985582444653,-0.0159539342778,0.112044770769,0,0,/base,right_hand,0.622543562276,-0.524041888633,0.31677699108,-0.0744948800461,0.995824994816,-0.0242330238635,0.0468599306566
1522314867061200340,19118,1522314867020037889,,205588,1522314867019165039,0,166,56,318,52,102,308,127,267,206115,1522314867003921985,base,117.0,9102.0,-9284.0,9968.0,0.0,0.0,0.0,0.0,0.0,0.0,0.0,0.0,0.0,28.0,-102.0,-51.0,0.0,0.0,0.0,0.0,0.0,0.0,0.0,0.0,0.0,-1485.0,-1240.0,782.0,0.0,0.0,0.0,0.0,0.0,0.0,0.0,0.0,0.0,0,0,,0.0,0.0,0.0,0.0,0.0,0.0,0.0,0.0,0.0,0.0,0.0,0.0,0.0,0.0,0.0,0.0,0.0,0.0,0.0,963991,1522314866940458427,,head_nod,head_pan,left_e0,left_e1,left_s0,left_s1,left_w0,left_w1,left_w2,right_e0,right_e1,right_s0,right_s1,right_w0,right_w1,right_w2,torso_t0,0.0,-0.101626227197,-0.605155420821,1.23638851504,-0.474383558654,-0.506597155199,0.653859310836,0.793835057731,-0.139592251698,0.90658264564,1.60032545696,-0.284553436153,-1.03198557505,-0.48243695779,1.12440791752,-0.207087406365,-12.5659871192,0.0,0.0133517687753,0.151974544589,-0.349109483565,-0.315730061627,0.103672557549,0.0447676953053,0.339292006524,0.00824668071413,-0.0137444678569,0.0078539816325,0.000392699081625,0.00078539816325,0.00981747704063,0.015707963265,-0.00863937979575,0.0,0.0,0.0,-11.792,-10.916,-0.308,-21.064,0.016,-0.648,0.1,10.26,-14.812,0.308,-19.496,-0.016,-0.208,-0.232,-20.48,0,0,/base,/head_1,1.1989220696,0.0599443798806,0.489474306251,0.194660037363,0.625376438912,0.580071328676,0.484281976906,0,0,/base,/neck_1,1.26059194132,0.0112731674981,0.312424896984,0.194660037363,0.625376438912,0.580071328676,0.484281976906,0,0,/base,/torso_1,1.32045774693,-0.0394865138356,0.145150512013,0.188519037513,0.629670930694,0.571941171539,0.49077325501,0,0,/base,/left_shoulder_1,1.2057232295,0.109283787567,0.263052836109,-0.0772561240367,0.776045675244,0.468579877844,0.41499096293,0,0,/base,/left_elbow_1,1.05645945377,0.171668573553,0.0968880835192,-0.0358974898232,0.775158113184,0.487959512323,0.399670844725,0,0,/base,/left_hand_1,0.892647429927,0.252467755558,-0.06129401521,-0.507826260114,0.52037540413,-0.464935591907,0.505130501646,0,0,/base,/right_shoulder_1,1.31546083606,-0.0867374548485,0.36179694695,0.365327785822,-0.196155111865,0.806775155805,0.420918791421,0,0,/base,/right_elbow_1,1.40940467562,-0.219834558498,0.173838908458,0.530943052597,-0.25187668198,0.698414587428,0.40850296944,0,0,/base,/right_hand_1,1.43416036948,-0.293085687635,-0.0550938132394,-0.507826260114,0.52037540413,-0.464935591907,0.505130501646,0,0,/base,/left_hip_1,1.34328187368,-0.0213593866217,-0.0557123499117,0.520375404118,0.507826260133,0.505130501672,0.464935591871,0,0,/base,/left_knee_1,1.32154512468,-0.00217997416606,-0.424156488261,0.520371097902,0.5078313353,0.505137827095,0.464926909302,0,0,/base,/left_foot_1,1.30064337502,0.0162638420873,-0.778429529541,-0.507826260114,0.52037540413,-0.464935591907,0.505130501646,0,0,/base,/right_hip_1,1.41889889639,-0.15835428631,0.012166380905,0.175201208922,0.790841382574,0.584227816192,0.0505203205466,0,0,/base,/right_knee_1,1.33830074453,-0.252953048131,-0.335888774306,-0.122714300883,0.720268896957,0.597476773921,-0.330417041117,0,0,/base,/right_foot_1,1.26081189722,-0.343898236466,-0.670558589796,-0.507826260114,0.52037540413,-0.464935591907,0.505130501646,0,0,/base,left_hand,0.817113362911,0.219388331919,0.0904289864357,0.125106038717,0.985462586795,-0.0172364047947,0.113643633582,0,0,/base,right_hand,0.622512247873,-0.524044758688,0.316447789294,-0.0743392076211,0.995849006701,-0.0235779475564,0.0469309967103
1522314867061202976,19119,1522314867037817955,,205589,1522314867034110069,0,160,47,318,48,106,323,110,299,206116,1522314867026261091,base,97.0,9093.0,-9288.0,9973.0,0.0,0.0,0.0,0.0,0.0,0.0,0.0,0.0,0.0,-40.0,-94.0,-59.0,0.0,0.0,0.0,0.0,0.0,0.0,0.0,0.0,0.0,-1441.0,-1327.0,852.0,0.0,0.0,0.0,0.0,0.0,0.0,0.0,0.0,0.0,0,0,,0.0,0.0,0.0,0.0,0.0,0.0,0.0,0.0,0.0,0.0,0.0,0.0,0.0,0.0,0.0,0.0,0.0,0.0,0.0,963994,1522314866970455063,,head_nod,head_pan,left_e0,left_e1,left_s0,left_s1,left_w0,left_w1,left_w2,right_e0,right_e1,right_s0,right_s1,right_w0,right_w1,right_w2,torso_t0,0.0,-0.101626227197,-0.602470954442,1.22718463031,-0.482053462593,-0.504296184017,0.654242806033,0.803805932852,-0.139592251698,0.906966140837,1.60070895216,-0.284553436153,-1.03160207985,-0.48243695779,1.12402442232,-0.207854396758,-12.5659871192,0.0,-0.00510508806113,0.10642145112,-0.303949089178,-0.241509935199,0.0428041998971,-0.0274889357138,0.34321899734,-0.000392699081625,-0.0015707963265,-0.00510508806113,0.0133517687753,0.00196349540813,-0.00431968989788,-0.00903207887738,-0.0212057504078,0.0,0.0,0.0,-11.632,-10.884,-0.372,-21.128,-0.008,-0.504,0.112,10.168,-14.812,0.372,-19.468,-0.016,-0.2,-0.224,-20.48,0,0,/base,/head_1,1.1989220696,0.0599443798806,0.489474306251,0.194660037363,0.625376438912,0.580071328676,0.484281976906,0,0,/base,/neck_1,1.26059194132,0.0112731674981,0.312424896984,0.194660037363,0.625376438912,0.580071328676,0.484281976906,0,0,/base,/torso_1,1.32045774693,-0.0394865138356,0.145150512013,0.188519037513,0.629670930694,0.571941171539,0.49077325501,0,0,/base,/left_shoulder_1,1.2057232295,0.109283787567,0.263052836109,-0.0772561240367,0.776045675244,0.468579877844,0.41499096293,0,0,/base,/left_elbow_1,1.05645945377,0.171668573553,0.0968880835192,-0.0358974898232,0.775158113184,0.487959512323,0.399670844725,0,0,/base,/left_hand_1,0.892647429927,0.252467755558,-0.06129401521,-0.507826260114,0.52037540413,-0.464935591907,0.505130501646,0,0,/base,/right_shoulder_1,1.31546083606,-0.0867374548485,0.36179694695,0.365327785822,-0.196155111865,0.806775155805,0.420918791421,0,0,/base,/right_elbow_1,1.41131733595,-0.222362932926,0.170804348893,0.539546620282,-0.252069859411,0.691202040627,0.40937753914,0,0,/base,/right_hand_1,1.43130701774,-0.29349378651,-0.0596498238019,-0.507826260114,0.52037540413,-0.464935591907,0.505130501646,0,0,/base,/left_hip_1,1.34218553694,-0.0221211430131,-0.0564413251367,0.520375404121,0.507826260129,0.505130501667,0.464935591878,0,0,/base,/left_knee_1,1.32044878974,-0.00294173214118,-0.424885433063,0.520371528529,0.507830827785,0.505137094554,0.464927777566,0,0,/base,/left_foot_1,1.29954716747,0.0155018744269,-0.779158492774,-0.507826260114,0.52037540413,-0.464935591907,0.505130501646,0,0,/base,/right_hip_1,1.41846156837,-0.158371254941,0.0121935788125,0.173157926987,0.791159474786,0.584506448922,0.049348038937,0,0,/base,/right_knee_1,1.33852062118,-0.25325597669,-0.335937412877,-0.122714072697,0.72106254964,0.597145430294,-0.329283147073,0,0,/base,/right_foot_1,1.26165898905,-0.344483620701,-0.670679506046,-0.507826260114,0.52037540413,-0.464935591907,0.505130501646,0,0,/base,left_hand,0.817523104808,0.217606911094,0.0902757609094,0.125772358312,0.985582444653,-0.0159539342778,0.112044770769,0,0,/base,right_hand,0.622543562276,-0.524041888633,0.31677699108,-0.0744948800461,0.995824994816,-0.0242330238635,0.0468599306566
1522314867061214870,19120,1522314867056329965,,205590,1522314867056200981,0,160,47,331,46,90,335,107,302,206117,1522314867048671960,base,78.0,9089.0,-9291.0,9975.0,0.0,0.0,0.0,0.0,0.0,0.0,0.0,0.0,0.0,-70.0,-61.0,-67.0,0.0,0.0,0.0,0.0,0.0,0.0,0.0,0.0,0.0,-1460.0,-1322.0,881.0,0.0,0.0,0.0,0.0,0.0,0.0,0.0,0.0,0.0,0,0,,0.0,0.0,0.0,0.0,0.0,0.0,0.0,0.0,0.0,0.0,0.0,0.0,0.0,0.0,0.0,0.0,0.0,0.0,0.0,963996,1522314866990455762,,head_nod,head_pan,left_e0,left_e1,left_s0,left_s1,left_w0,left_w1,left_w2,right_e0,right_e1,right_s0,right_s1,right_w0,right_w1,right_w2,torso_t0,0.0,-0.101626227197,-0.600936973654,1.22219919275,-0.485504919366,-0.50391268882,0.653475815639,0.811475836791,-0.138825261304,0.90658264564,1.60109244736,-0.284553436153,-1.03160207985,-0.482820452987,1.12249044154,-0.207854396758,-12.5659871192,0.0,-0.00549778714275,0.078539816325,-0.282350639688,-0.234834050812,0.0416261026523,0.0102101761223,0.408014345808,0.00431968989788,0.00392699081625,0.0,0.0,0.0153152641834,0.0149225651018,-0.00196349540813,0.006283185306,0.0,0.0,0.0,-11.472,-10.852,-0.34,-21.196,-0.016,-0.444,0.112,10.26,-14.812,0.34,-19.468,-0.016,-0.208,-0.232,-20.48,0,0,/base,/head_1,1.20004157814,0.0604820214632,0.488680286093,0.197710967518,0.624755601262,0.578531806521,0.48568689591,0,0,/base,/neck_1,1.26096329728,0.0116497622968,0.311702960219,0.197710967518,0.624755601262,0.578531806521,0.48568689591,0,0,/base,/torso_1,1.32019501693,-0.0393066137194,0.144261190988,0.191548031674,0.629014970017,0.570468495658,0.492153649299,0,0,/base,/left_shoulder_1,1.20670965665,0.11011408145,0.262552418543,-0.0750007185335,0.777731353193,0.466896995509,0.414144938475,0,0,/base,/left_elbow_1,1.05655384463,0.172915307491,0.0964665009778,-0.0350229961873,0.776109885797,0.485179859575,0.401282118675,0,0,/base,/left_hand_1,0.893329174484,0.253870035799,-0.062256646324,-0.507826260114,0.52037540413,-0.464935591907,0.505130501646,0,0,/base,/right_shoulder_1,1.31521693791,-0.0868145568569,0.360853501894,0.363849300501,-0.197672648649,0.806290551055,0.422415385349,0,0,/base,/right_elbow_1,1.41195139188,-0.224194089876,0.168146277916,0.544281615051,-0.253386991279,0.687015162644,0.409344259109,0,0,/base,/right_hand_1,1.42952505534,-0.293776277161,-0.0637681827747,-0.507826260114,0.52037540413,-0.464935591907,0.505130501646,0,0,/base,/left_hip_1,1.34171624853,-0.021822635169,-0.0573440380705,0.520375404123,0.507826260126,0.505130501663,0.464935591884,0,0,/base,/left_knee_1,1.31997949954,-0.00264322271338,-0.42578817642,0.520371916093,0.507830371021,0.505136435266,0.464928559004,0,0,/base,/left_foot_1,1.29907800386,0.0158002046328,-0.780061252929,-0.507826260114,0.52037540413,-0.464935591907,0.505130501646,0,0,/base,/right_hip_1,1.41713722372,-0.15870334351,0.0109828663756,0.174920805502,0.791331369578,0.583495934211,0.0522481586611,0,0,/base,/right_knee_1,1.33735675114,-0.254007302932,-0.337072029655,-0.12523671079,0.72006538677,0.596142193507,-0.332319259398,0,0,/base,/right_foot_1,1.26064701944,-0.345641894927,-0.671740493782,-0.507826260114,0.52037540413,-0.464935591907,0.505130501646,0,0,/base,left_hand,0.817716732557,0.21722125451,0.0907894825711,0.126118391358,0.985793163385,-0.0144594356947,0.109985976853,0,0,/base,right_hand,0.622689111383,-0.52423756573,0.316614901288,-0.0744993282856,0.995795587516,-0.0245013117739,0.0473358605116
1522314867101158087,19282,1522314867063117027,,205590,1522314867056200981,0,160,47,331,46,90,335,107,302,206117,1522314867048671960,base,78.0,9089.0,-9291.0,9975.0,0.0,0.0,0.0,0.0,0.0,0.0,0.0,0.0,0.0,-70.0,-61.0,-67.0,0.0,0.0,0.0,0.0,0.0,0.0,0.0,0.0,0.0,-1460.0,-1322.0,881.0,0.0,0.0,0.0,0.0,0.0,0.0,0.0,0.0,0.0,0,0,,0.0,0.0,0.0,0.0,0.0,0.0,0.0,0.0,0.0,0.0,0.0,0.0,0.0,0.0,0.0,0.0,0.0,0.0,0.0,963997,1522314867000469475,,head_nod,head_pan,left_e0,left_e1,left_s0,left_s1,left_w0,left_w1,left_w2,right_e0,right_e1,right_s0,right_s1,right_w0,right_w1,right_w2,torso_t0,0.0,-0.102009722394,-0.599786488063,1.21989822157,-0.487805890548,-0.503529193623,0.65462630123,0.816844769549,-0.139975746895,0.90658264564,1.60070895216,-0.284553436153,-1.03045159426,-0.48243695779,1.12440791752,-0.208237891955,-12.5659871192,0.0,0.0015707963265,0.0526216769378,-0.272533162648,-0.199491133466,0.0447676953053,0.00510508806113,0.421366114584,-0.0133517687753,-0.00549778714275,0.015707963265,-0.0109955742855,-0.000392699081625,0.0047123889795,0.00589048622438,0.00981747704063,0.0,0.0,0.0,-11.472,-10.884,-0.372,-21.26,-0.008,-0.484,0.14,10.324,-14.812,0.248,-19.496,-0.024,-0.188,-0.232,-20.48,0,0,/base,/head_1,1.20004157814,0.0604820214632,0.488680286093,0.197710967518,0.624755601262,0.578531806521,0.48568689591,0,0,/base,/neck_1,1.26096329728,0.0116497622968,0.311702960219,0.197710967518,0.624755601262,0.578531806521,0.48568689591,0,0,/base,/torso_1,1.32019501693,-0.0393066137194,0.144261190988,0.191548031674,0.629014970017,0.570468495658,0.492153649299,0,0,/base,/left_shoulder_1,1.20670965665,0.11011408145,0.262552418543,-0.0750007185335,0.777731353193,0.466896995509,0.414144938475,0,0,/base,/left_elbow_1,1.05655384463,0.172915307491,0.0964665009778,-0.0350229961873,0.776109885797,0.485179859575,0.401282118675,0,0,/base,/left_hand_1,0.893329174484,0.253870035799,-0.062256646324,-0.507826260114,0.52037540413,-0.464935591907,0.505130501646,0,0,/base,/right_shoulder_1,1.31521693791,-0.0868145568569,0.360853501894,0.363849300501,-0.197672648649,0.806290551055,0.422415385349,0,0,/base,/right_elbow_1,1.41195139188,-0.224194089876,0.168146277916,0.544281615051,-0.253386991279,0.687015162644,0.409344259109,0,0,/base,/right_hand_1,1.42952505534,-0.293776277161,-0.0637681827747,-0.507826260114,0.52037540413,-0.464935591907,0.505130501646,0,0,/base,/left_hip_1,1.34171624853,-0.021822635169,-0.0573440380705,0.520375404123,0.507826260126,0.505130501663,0.464935591884,0,0,/base,/left_knee_1,1.31997949954,-0.00264322271338,-0.42578817642,0.520371916093,0.507830371021,0.505136435266,0.464928559004,0,0,/base,/left_foot_1,1.29907800386,0.0158002046328,-0.780061252929,-0.507826260114,0.52037540413,-0.464935591907,0.505130501646,0,0,/base,/right_hip_1,1.41713722372,-0.15870334351,0.0109828663756,0.174920805502,0.791331369578,0.583495934211,0.0522481586611,0,0,/base,/right_knee_1,1.33735675114,-0.254007302932,-0.337072029655,-0.12523671079,0.72006538677,0.596142193507,-0.332319259398,0,0,/base,/right_foot_1,1.26064701944,-0.345641894927,-0.671740493782,-0.507826260114,0.52037540413,-0.464935591907,0.505130501646,0,0,/base,left_hand,0.817716732557,0.21722125451,0.0907894825711,0.126118391358,0.985793163385,-0.0144594356947,0.109985976853,0,0,/base,right_hand,0.622689111383,-0.52423756573,0.316614901288,-0.0744993282856,0.995795587516,-0.0245013117739,0.0473358605116
1522314867101172125,19283,1522314867082761049,,205591,1522314867078866004,0,136,49,340,59,108,350,109,256,206118,1522314867064294099,base,65.0,9090.0,-9288.0,9977.0,0.0,0.0,0.0,0.0,0.0,0.0,0.0,0.0,0.0,-74.0,-46.0,-60.0,0.0,0.0,0.0,0.0,0.0,0.0,0.0,0.0,0.0,-1484.0,-1265.0,836.0,0.0,0.0,0.0,0.0,0.0,0.0,0.0,0.0,0.0,0,0,,0.0,0.0,0.0,0.0,0.0,0.0,0.0,0.0,0.0,0.0,0.0,0.0,0.0,0.0,0.0,0.0,0.0,0.0,0.0,963999,1522314867020450297,,head_nod,head_pan,left_e0,left_e1,left_s0,left_s1,left_w0,left_w1,left_w2,right_e0,right_e1,right_s0,right_s1,right_w0,right_w1,right_w2,torso_t0,0.0,-0.101626227197,-0.599786488063,1.2152962792,-0.49125734732,-0.502762203229,0.653859310836,0.823747683094,-0.139592251698,0.907349636034,1.60070895216,-0.28493693135,-1.03083508946,-0.482053462593,1.12402442232,-0.207470901562,-12.5659871192,0.0,-0.00353429173463,0.0274889357138,-0.243080731526,-0.183783170201,0.0145298660201,0.00235619448975,0.423329609992,0.012566370612,-0.006283185306,-0.018849555918,0.00667588438763,-0.00549778714275,-0.00510508806113,0.000392699081625,0.0141371669385,0.0,0.0,0.0,-11.568,-11.076,-0.248,-21.588,-0.016,-0.464,0.12,10.292,-14.752,0.248,-19.496,-0.016,-0.18,-0.224,-20.48,0,0,/base,/head_1,1.19851221695,0.061014546014,0.488417696619,0.196219501727,0.624886296194,0.578857818727,0.485735164127,0,0,/base,/neck_1,1.25997591875,0.0120058001468,0.311264937473,0.196219501727,0.624886296194,0.578857818727,0.485735164127,0,0,/base,/torso_1,1.32027821523,-0.0387404569374,0.144140661292,0.188892066122,0.628062213243,0.571851432251,0.492791622377,0,0,/base,/left_shoulder_1,1.20562810612,0.110273243795,0.261823076425,-0.0742454757135,0.77715446161,0.469263875204,0.412686282259,0,0,/base,/left_elbow_1,1.05455844633,0.173631132905,0.0961281734091,-0.0409331623221,0.775764839074,0.484234138591,0.402530358734,0,0,/base,/left_hand_1,0.892042725909,0.252481188273,-0.0643561149446,-0.507826260114,0.52037540413,-0.464935591907,0.505130501646,0,0,/base,/right_shoulder_1,1.31432373147,-0.0862616473098,0.360706798316,0.349802796068,-0.168448929878,0.807993823031,0.443180486743,0,0,/base,/right_elbow_1,1.40739128764,-0.239892559044,0.177224793613,0.557636629227,-0.283339296975,0.681364364407,0.380135285721,0,0,/base,/right_hand_1,1.42896694676,-0.288824647003,-0.0590112854534,-0.507826260114,0.52037540413,-0.464935591907,0.505130501646,0,0,/base,/left_hip_1,1.34280464767,-0.0211832226522,-0.0573495567432,0.520375404124,0.507826260124,0.505130501659,0.464935591888,0,0,/base,/left_knee_1,1.32106789867,-0.00200381019657,-0.425793695093,0.520372264899,0.507829959933,0.505135841907,0.464929262296,0,0,/base,/left_foot_1,1.30016640757,0.0164394419847,-0.78006678099,-0.507826260114,0.52037540413,-0.464935591907,0.505130501646,0,0,/base,/right_hip_1,1.41713722372,-0.15870334351,0.0109828663756,0.174920805502,0.791331369578,0.583495934211,0.0522481586611,0,0,/base,/right_knee_1,1.33735675114,-0.254007302932,-0.337072029655,-0.12523671079,0.72006538677,0.596142193507,-0.332319259398,0,0,/base,/right_foot_1,1.26064701944,-0.345641894927,-0.671740493782,-0.507826260114,0.52037540413,-0.464935591907,0.505130501646,0,0,/base,left_hand,0.81736693202,0.216637747333,0.0908095414138,0.126221810839,0.986115932783,-0.0126812192407,0.10715693285,0,0,/base,right_hand,0.622676658579,-0.523627543981,0.316700272019,-0.0745696996253,0.995828721292,-0.0239140777771,0.0468255766862
1522314867101181515,19121,1522314867081482887,,205591,1522314867078866004,0,136,49,340,59,108,350,109,256,206118,1522314867064294099,base,65.0,9090.0,-9288.0,9977.0,0.0,0.0,0.0,0.0,0.0,0.0,0.0,0.0,0.0,-74.0,-46.0,-60.0,0.0,0.0,0.0,0.0,0.0,0.0,0.0,0.0,0.0,-1484.0,-1265.0,836.0,0.0,0.0,0.0,0.0,0.0,0.0,0.0,0.0,0.0,0,0,,0.0,0.0,0.0,0.0,0.0,0.0,0.0,0.0,0.0,0.0,0.0,0.0,0.0,0.0,0.0,0.0,0.0,0.0,0.0,963996,1522314866990455762,,head_nod,head_pan,left_e0,left_e1,left_s0,left_s1,left_w0,left_w1,left_w2,right_e0,right_e1,right_s0,right_s1,right_w0,right_w1,right_w2,torso_t0,0.0,-0.101626227197,-0.600936973654,1.22219919275,-0.485504919366,-0.50391268882,0.653475815639,0.811475836791,-0.138825261304,0.90658264564,1.60109244736,-0.284553436153,-1.03160207985,-0.482820452987,1.12249044154,-0.207854396758,-12.5659871192,0.0,-0.00549778714275,0.078539816325,-0.282350639688,-0.234834050812,0.0416261026523,0.0102101761223,0.408014345808,0.00431968989788,0.00392699081625,0.0,0.0,0.0153152641834,0.0149225651018,-0.00196349540813,0.006283185306,0.0,0.0,0.0,-11.472,-10.852,-0.34,-21.196,-0.016,-0.444,0.112,10.26,-14.812,0.34,-19.468,-0.016,-0.208,-0.232,-20.48,0,0,/base,/head_1,1.19851221695,0.061014546014,0.488417696619,0.196219501727,0.624886296194,0.578857818727,0.485735164127,0,0,/base,/neck_1,1.25997591875,0.0120058001468,0.311264937473,0.196219501727,0.624886296194,0.578857818727,0.485735164127,0,0,/base,/torso_1,1.32027821523,-0.0387404569374,0.144140661292,0.188892066122,0.628062213243,0.571851432251,0.492791622377,0,0,/base,/left_shoulder_1,1.20562810612,0.110273243795,0.261823076425,-0.0742454757135,0.77715446161,0.469263875204,0.412686282259,0,0,/base,/left_elbow_1,1.05455844633,0.173631132905,0.0961281734091,-0.0409331623221,0.775764839074,0.484234138591,0.402530358734,0,0,/base,/left_hand_1,0.892042725909,0.252481188273,-0.0643561149446,-0.507826260114,0.52037540413,-0.464935591907,0.505130501646,0,0,/base,/right_shoulder_1,1.31432373147,-0.0862616473098,0.360706798316,0.349802796068,-0.168448929878,0.807993823031,0.443180486743,0,0,/base,/right_elbow_1,1.40739128764,-0.239892559044,0.177224793613,0.557636629227,-0.283339296975,0.681364364407,0.380135285721,0,0,/base,/right_hand_1,1.42896694676,-0.288824647003,-0.0590112854534,-0.507826260114,0.52037540413,-0.464935591907,0.505130501646,0,0,/base,/left_hip_1,1.34280464767,-0.0211832226522,-0.0573495567432,0.520375404124,0.507826260124,0.505130501659,0.464935591888,0,0,/base,/left_knee_1,1.31997949954,-0.00264322271338,-0.42578817642,0.520371916093,0.507830371021,0.505136435266,0.464928559004,0,0,/base,/left_foot_1,1.29907800386,0.0158002046328,-0.780061252929,-0.507826260114,0.52037540413,-0.464935591907,0.505130501646,0,0,/base,/right_hip_1,1.41713722372,-0.15870334351,0.0109828663756,0.174920805502,0.791331369578,0.583495934211,0.0522481586611,0,0,/base,/right_knee_1,1.33735675114,-0.254007302932,-0.337072029655,-0.12523671079,0.72006538677,0.596142193507,-0.332319259398,0,0,/base,/right_foot_1,1.26064701944,-0.345641894927,-0.671740493782,-0.507826260114,0.52037540413,-0.464935591907,0.505130501646,0,0,/base,left_hand,0.81736693202,0.216637747333,0.0908095414138,0.126221810839,0.986115932783,-0.0126812192407,0.10715693285,0,0,/base,right_hand,0.622676658579,-0.523627543981,0.316700272019,-0.0745696996253,0.995828721292,-0.0239140777771,0.0468255766862
1522314867101195741,19122,1522314867099401950,,205592,1522314867093902111,0,137,52,331,59,110,407,111,246,206119,1522314867086422920,base,55.0,9087.0,-9286.0,9981.0,0.0,0.0,0.0,0.0,0.0,0.0,0.0,0.0,0.0,-48.0,-62.0,-47.0,0.0,0.0,0.0,0.0,0.0,0.0,0.0,0.0,0.0,-1460.0,-1243.0,808.0,0.0,0.0,0.0,0.0,0.0,0.0,0.0,0.0,0.0,0,0,,0.0,0.0,0.0,0.0,0.0,0.0,0.0,0.0,0.0,0.0,0.0,0.0,0.0,0.0,0.0,0.0,0.0,0.0,0.0,964000,1522314867030499691,,head_nod,head_pan,left_e0,left_e1,left_s0,left_s1,left_w0,left_w1,left_w2,right_e0,right_e1,right_s0,right_s1,right_w0,right_w1,right_w2,torso_t0,0.0,-0.101242732,-0.599402992866,1.21376229841,-0.492791328108,-0.503145698426,0.653092320442,0.827582635064,-0.138825261304,0.907349636034,1.60032545696,-0.284169940956,-1.03121858466,-0.481669967396,1.12364092713,-0.208237891955,-12.5659871192,0.0,-0.012566370612,0.0349502182646,-0.232870555404,-0.17396569316,0.0247400421424,0.00706858346925,0.416653725604,-0.0078539816325,0.00353429173463,-0.0078539816325,-0.0117809724488,0.0102101761223,0.00078539816325,0.00431968989788,0.0078539816325,0.0,0.0,0.0,-11.472,-11.14,-0.28,-21.62,0.0,-0.416,0.128,10.26,-14.812,0.404,-19.524,-0.008,-0.18,-0.224,-20.48,0,0,/base,/head_1,1.19851221695,0.061014546014,0.488417696619,0.196219501727,0.624886296194,0.578857818727,0.485735164127,0,0,/base,/neck_1,1.25997591875,0.0120058001468,0.311264937473,0.196219501727,0.624886296194,0.578857818727,0.485735164127,0,0,/base,/torso_1,1.32027821523,-0.0387404569374,0.144140661292,0.188892066122,0.628062213243,0.571851432251,0.492791622377,0,0,/base,/left_shoulder_1,1.20562810612,0.110273243795,0.261823076425,-0.0742454757135,0.77715446161,0.469263875204,0.412686282259,0,0,/base,/left_elbow_1,1.05455844633,0.173631132905,0.0961281734091,-0.0409331623221,0.775764839074,0.484234138591,0.402530358734,0,0,/base,/left_hand_1,0.892042725909,0.252481188273,-0.0643561149446,-0.507826260114,0.52037540413,-0.464935591907,0.505130501646,0,0,/base,/right_shoulder_1,1.31432373147,-0.0862616473098,0.360706798316,0.349802796068,-0.168448929878,0.807993823031,0.443180486743,0,0,/base,/right_elbow_1,1.40739128764,-0.239892559044,0.177224793613,0.557636629227,-0.283339296975,0.681364364407,0.380135285721,0,0,/base,/right_hand_1,1.42896694676,-0.288824647003,-0.0590112854534,-0.507826260114,0.52037540413,-0.464935591907,0.505130501646,0,0,/base,/left_hip_1,1.34280464767,-0.0211832226522,-0.0573495567432,0.520375404124,0.507826260124,0.505130501659,0.464935591888,0,0,/base,/left_knee_1,1.32106789867,-0.00200381019657,-0.425793695093,0.520372264899,0.507829959933,0.505135841907,0.464929262296,0,0,/base,/left_foot_1,1.30016640757,0.0164394419847,-0.78006678099,-0.507826260114,0.52037540413,-0.464935591907,0.505130501646,0,0,/base,/right_hip_1,1.41835637464,-0.157790196983,0.0113823121612,0.174716018257,0.790838930913,0.584341409812,0.0509236202026,0,0,/base,/right_knee_1,1.33821981074,-0.252417262424,-0.336775567811,-0.122392515425,0.720901042844,0.597497425001,-0.329117890293,0,0,/base,/right_foot_1,1.26116641285,-0.343402917201,-0.671542974691,-0.507826260114,0.52037540413,-0.464935591907,0.505130501646,0,0,/base,left_hand,0.81736693202,0.216637747333,0.0908095414138,0.126221810839,0.986115932783,-0.0126812192407,0.10715693285,0,0,/base,right_hand,0.622676658579,-0.523627543981,0.316700272019,-0.0745696996253,0.995828721292,-0.0239140777771,0.0468255766862
1522314867120644517,19123,1522314867118208885,,205593,1522314867118019104,0,130,51,214,56,106,402,102,265,206120,1522314867117048978,base,45.0,9074.0,-9289.0,9990.0,0.0,0.0,0.0,0.0,0.0,0.0,0.0,0.0,0.0,-11.0,-83.0,-26.0,0.0,0.0,0.0,0.0,0.0,0.0,0.0,0.0,0.0,-1420.0,-1270.0,866.0,0.0,0.0,0.0,0.0,0.0,0.0,0.0,0.0,0.0,0,0,,0.0,0.0,0.0,0.0,0.0,0.0,0.0,0.0,0.0,0.0,0.0,0.0,0.0,0.0,0.0,0.0,0.0,0.0,0.0,964001,1522314867040501847,,head_nod,head_pan,left_e0,left_e1,left_s0,left_s1,left_w0,left_w1,left_w2,right_e0,right_e1,right_s0,right_s1,right_w0,right_w1,right_w2,torso_t0,0.0,-0.101626227197,-0.599402992866,1.21184482243,-0.493558318502,-0.503145698426,0.654242806033,0.831801082231,-0.139592251698,0.90658264564,1.60070895216,-0.284553436153,-1.03083508946,-0.482053462593,1.12364092713,-0.208621387152,-12.5659871192,0.0,0.0102101761223,0.0215984494894,-0.206559716935,-0.148047553773,0.0153152641834,-0.00392699081625,0.400945762339,0.0106028752039,0.00863937979575,0.0121736715304,0.00549778714275,-0.00510508806113,-0.00196349540813,-0.0113882733671,-0.003141592653,0.0,0.0,0.0,-11.472,-11.108,-0.404,-21.52,0.008,-0.356,0.128,10.26,-14.812,0.34,-19.468,-0.008,-0.188,-0.212,-20.48,0,0,/base,/head_1,1.19929239955,0.0628545222283,0.487792977415,0.195445937719,0.625971142618,0.578260706259,0.485361277438,0,0,/base,/neck_1,1.26059616876,0.0135158499807,0.310914231116,0.195445937719,0.625971142618,0.578260706259,0.485361277438,0,0,/base,/torso_1,1.32017677396,-0.0382610713734,0.143847405206,0.188870260063,0.630656890599,0.569414946478,0.492307353115,0,0,/base,/left_shoulder_1,1.20612938037,0.111537951503,0.261117527526,-0.0725298688137,0.778261853972,0.468063916786,0.412266994296,0,0,/base,/left_elbow_1,1.05526426932,0.174954448873,0.0963052020125,-0.0435013365893,0.777091258013,0.481023953789,0.403550202969,0,0,/base,/left_hand_1,0.893247899443,0.252427740165,-0.0653562828049,-0.507826260114,0.52037540413,-0.464935591907,0.505130501646,0,0,/base,/right_shoulder_1,1.3150630177,-0.0845062531743,0.360710923395,0.358459393248,-0.175177480081,0.808233678868,0.433102798661,0,0,/base,/right_elbow_1,1.40791480064,-0.229519274411,0.176152695358,0.549342203732,-0.261542793614,0.689017653388,0.393793326031,0,0,/base,/right_hand_1,1.42884470176,-0.291437889872,-0.0573991009759,-0.507826260114,0.52037540413,-0.464935591907,0.505130501646,0,0,/base,/left_hip_1,1.34189868492,-0.0219050748801,-0.0578319849607,0.520375404125,0.507826260122,0.505130501657,0.464935591892,0,0,/base,/left_knee_1,1.32016193592,-0.0027256624245,-0.42627612331,0.520372578825,0.507829589953,0.505135307883,0.46492989526,0,0,/base,/left_foot_1,1.29926057062,0.0157174409984,-0.780549224373,-0.507826260114,0.52037540413,-0.464935591907,0.505130501646,0,0,/base,/right_hip_1,1.41761607269,-0.158170917399,0.0113931279324,0.174866788681,0.790249497854,0.585157739716,0.0501772558941,0,0,/base,/right_knee_1,1.33717546084,-0.252053375944,-0.33689619446,-0.120266589427,0.721332988946,0.598769735333,-0.326633541719,0,0,/base,/right_foot_1,1.25982932692,-0.342323981925,-0.671789902915,-0.507826260114,0.52037540413,-0.464935591907,0.505130501646,0,0,/base,left_hand,0.817393140807,0.215549963325,0.0920938498106,0.127105696641,0.986349570902,-0.0107434036639,0.104130903871,0,0,/base,right_hand,0.62252868704,-0.524093515982,0.316379583443,-0.0746352807698,0.995827110239,-0.0238017193445,0.0468126001696
1522314867143991467,19284,1522314867100208997,,205592,1522314867093902111,0,137,52,331,59,110,407,111,246,206119,1522314867086422920,base,55.0,9087.0,-9286.0,9981.0,0.0,0.0,0.0,0.0,0.0,0.0,0.0,0.0,0.0,-48.0,-62.0,-47.0,0.0,0.0,0.0,0.0,0.0,0.0,0.0,0.0,0.0,-1460.0,-1243.0,808.0,0.0,0.0,0.0,0.0,0.0,0.0,0.0,0.0,0.0,0,0,,0.0,0.0,0.0,0.0,0.0,0.0,0.0,0.0,0.0,0.0,0.0,0.0,0.0,0.0,0.0,0.0,0.0,0.0,0.0,963999,1522314867020450297,,head_nod,head_pan,left_e0,left_e1,left_s0,left_s1,left_w0,left_w1,left_w2,right_e0,right_e1,right_s0,right_s1,right_w0,right_w1,right_w2,torso_t0,0.0,-0.101626227197,-0.599786488063,1.2152962792,-0.49125734732,-0.502762203229,0.653859310836,0.823747683094,-0.139592251698,0.907349636034,1.60070895216,-0.28493693135,-1.03083508946,-0.482053462593,1.12402442232,-0.207470901562,-12.5659871192,0.0,-0.00353429173463,0.0274889357138,-0.243080731526,-0.183783170201,0.0145298660201,0.00235619448975,0.423329609992,0.012566370612,-0.006283185306,-0.018849555918,0.00667588438763,-0.00549778714275,-0.00510508806113,0.000392699081625,0.0141371669385,0.0,0.0,0.0,-11.568,-11.076,-0.248,-21.588,-0.016,-0.464,0.12,10.292,-14.752,0.248,-19.496,-0.016,-0.18,-0.224,-20.48,0,0,/base,/head_1,1.19851221695,0.061014546014,0.488417696619,0.196219501727,0.624886296194,0.578857818727,0.485735164127,0,0,/base,/neck_1,1.25997591875,0.0120058001468,0.311264937473,0.196219501727,0.624886296194,0.578857818727,0.485735164127,0,0,/base,/torso_1,1.32027821523,-0.0387404569374,0.144140661292,0.188892066122,0.628062213243,0.571851432251,0.492791622377,0,0,/base,/left_shoulder_1,1.20562810612,0.110273243795,0.261823076425,-0.0742454757135,0.77715446161,0.469263875204,0.412686282259,0,0,/base,/left_elbow_1,1.05455844633,0.173631132905,0.0961281734091,-0.0409331623221,0.775764839074,0.484234138591,0.402530358734,0,0,/base,/left_hand_1,0.892042725909,0.252481188273,-0.0643561149446,-0.507826260114,0.52037540413,-0.464935591907,0.505130501646,0,0,/base,/right_shoulder_1,1.31432373147,-0.0862616473098,0.360706798316,0.349802796068,-0.168448929878,0.807993823031,0.443180486743,0,0,/base,/right_elbow_1,1.40739128764,-0.239892559044,0.177224793613,0.557636629227,-0.283339296975,0.681364364407,0.380135285721,0,0,/base,/right_hand_1,1.42896694676,-0.288824647003,-0.0590112854534,-0.507826260114,0.52037540413,-0.464935591907,0.505130501646,0,0,/base,/left_hip_1,1.34280464767,-0.0211832226522,-0.0573495567432,0.520375404124,0.507826260124,0.505130501659,0.464935591888,0,0,/base,/left_knee_1,1.32106789867,-0.00200381019657,-0.425793695093,0.520372264899,0.507829959933,0.505135841907,0.464929262296,0,0,/base,/left_foot_1,1.30016640757,0.0164394419847,-0.78006678099,-0.507826260114,0.52037540413,-0.464935591907,0.505130501646,0,0,/base,/right_hip_1,1.41835637464,-0.157790196983,0.0113823121612,0.174716018257,0.790838930913,0.584341409812,0.0509236202026,0,0,/base,/right_knee_1,1.33821981074,-0.252417262424,-0.336775567811,-0.122392515425,0.720901042844,0.597497425001,-0.329117890293,0,0,/base,/right_foot_1,1.26116641285,-0.343402917201,-0.671542974691,-0.507826260114,0.52037540413,-0.464935591907,0.505130501646,0,0,/base,left_hand,0.81736693202,0.216637747333,0.0908095414138,0.126221810839,0.986115932783,-0.0126812192407,0.10715693285,0,0,/base,right_hand,0.622676658579,-0.523627543981,0.316700272019,-0.0745696996253,0.995828721292,-0.0239140777771,0.0468255766862
1522314867144012577,19285,1522314867122425079,,205593,1522314867118019104,0,130,51,214,56,106,402,102,265,206120,1522314867117048978,base,45.0,9074.0,-9289.0,9990.0,0.0,0.0,0.0,0.0,0.0,0.0,0.0,0.0,0.0,-11.0,-83.0,-26.0,0.0,0.0,0.0,0.0,0.0,0.0,0.0,0.0,0.0,-1420.0,-1270.0,866.0,0.0,0.0,0.0,0.0,0.0,0.0,0.0,0.0,0.0,0,0,,0.0,0.0,0.0,0.0,0.0,0.0,0.0,0.0,0.0,0.0,0.0,0.0,0.0,0.0,0.0,0.0,0.0,0.0,0.0,964003,1522314867060457240,,head_nod,head_pan,left_e0,left_e1,left_s0,left_s1,left_w0,left_w1,left_w2,right_e0,right_e1,right_s0,right_s1,right_w0,right_w1,right_w2,torso_t0,0.0,-0.101242732,-0.599402992866,1.20916035605,-0.496626280078,-0.502762203229,0.653859310836,0.840621471761,-0.139975746895,0.90658264564,1.60070895216,-0.284553436153,-1.03160207985,-0.482053462593,1.12440791752,-0.208621387152,-12.5659871192,0.0,0.009424777959,-0.0113882733671,-0.181034276629,-0.120558618059,-0.003141592653,0.00431968989788,0.453567439277,-0.0200276531629,0.00274889357138,0.00353429173463,0.0047123889795,-0.0196349540813,0.00078539816325,0.00589048622438,-0.000392699081625,0.0,0.0,0.0,-11.472,-10.916,-0.248,-21.228,0.016,-0.32,0.168,10.356,-14.844,0.34,-19.436,-0.016,-0.188,-0.232,-20.48,0,0,/base,/head_1,1.19929239955,0.0628545222283,0.487792977415,0.195445937719,0.625971142618,0.578260706259,0.485361277438,0,0,/base,/neck_1,1.26059616876,0.0135158499807,0.310914231116,0.195445937719,0.625971142618,0.578260706259,0.485361277438,0,0,/base,/torso_1,1.32017677396,-0.0382610713734,0.143847405206,0.188870260063,0.630656890599,0.569414946478,0.492307353115,0,0,/base,/left_shoulder_1,1.20612938037,0.111537951503,0.261117527526,-0.0725298688137,0.778261853972,0.468063916786,0.412266994296,0,0,/base,/left_elbow_1,1.05526426932,0.174954448873,0.0963052020125,-0.0435013365893,0.777091258013,0.481023953789,0.403550202969,0,0,/base,/left_hand_1,0.893247899443,0.252427740165,-0.0653562828049,-0.507826260114,0.52037540413,-0.464935591907,0.505130501646,0,0,/base,/right_shoulder_1,1.3150630177,-0.0845062531743,0.360710923395,0.358459393248,-0.175177480081,0.808233678868,0.433102798661,0,0,/base,/right_elbow_1,1.40791480064,-0.229519274411,0.176152695358,0.549342203732,-0.261542793614,0.689017653388,0.393793326031,0,0,/base,/right_hand_1,1.42884470176,-0.291437889872,-0.0573991009759,-0.507826260114,0.52037540413,-0.464935591907,0.505130501646,0,0,/base,/left_hip_1,1.34189868492,-0.0219050748801,-0.0578319849607,0.520375404125,0.507826260122,0.505130501657,0.464935591892,0,0,/base,/left_knee_1,1.32016193592,-0.0027256624245,-0.42627612331,0.520372578825,0.507829589953,0.505135307883,0.46492989526,0,0,/base,/left_foot_1,1.29926057062,0.0157174409984,-0.780549224373,-0.507826260114,0.52037540413,-0.464935591907,0.505130501646,0,0,/base,/right_hip_1,1.41761607269,-0.158170917399,0.0113931279324,0.174866788681,0.790249497854,0.585157739716,0.0501772558941,0,0,/base,/right_knee_1,1.33717546084,-0.252053375944,-0.33689619446,-0.120266589427,0.721332988946,0.598769735333,-0.326633541719,0,0,/base,/right_foot_1,1.25982932692,-0.342323981925,-0.671789902915,-0.507826260114,0.52037540413,-0.464935591907,0.505130501646,0,0,/base,left_hand,0.817393140807,0.215549963325,0.0920938498106,0.127105696641,0.986349570902,-0.0107434036639,0.104130903871,0,0,/base,right_hand,0.62252868704,-0.524093515982,0.316379583443,-0.0746352807698,0.995827110239,-0.0238017193445,0.0468126001696
1522314867144028837,19124,1522314867138957977,,205594,1522314867138791084,0,127,52,232,57,99,377,101,218,206121,1522314867123842954,base,29.0,9062.0,-9290.0,10000.0,0.0,0.0,0.0,0.0,0.0,0.0,0.0,0.0,0.0,-47.0,-94.0,-48.0,0.0,0.0,0.0,0.0,0.0,0.0,0.0,0.0,0.0,-1432.0,-1261.0,885.0,0.0,0.0,0.0,0.0,0.0,0.0,0.0,0.0,0.0,0,0,,0.0,0.0,0.0,0.0,0.0,0.0,0.0,0.0,0.0,0.0,0.0,0.0,0.0,0.0,0.0,0.0,0.0,0.0,0.0,964004,1522314867070505052,,head_nod,head_pan,left_e0,left_e1,left_s0,left_s1,left_w0,left_w1,left_w2,right_e0,right_e1,right_s0,right_s1,right_w0,right_w1,right_w2,torso_t0,0.0,-0.101626227197,-0.599019497669,1.20647588967,-0.497009775275,-0.503145698426,0.654242806033,0.844072928534,-0.140359242092,0.906966140837,1.60070895216,-0.284553436153,-1.03160207985,-0.481669967396,1.12402442232,-0.207087406365,-12.5659871192,0.0,0.00235619448975,-0.00274889357138,-0.17396569316,-0.110348441937,0.00549778714275,-0.006283185306,0.428434698053,-0.0227765467343,-0.0149225651018,-0.00274889357138,-0.0078539816325,0.00589048622438,0.00667588438763,-0.00510508806113,-0.0113882733671,0.0,0.0,0.0,-11.376,-10.948,-0.248,-21.096,0.016,-0.308,0.176,10.324,-14.812,0.308,-19.436,-0.016,-0.2,-0.212,-20.48,0,0,/base,/head_1,1.19929239955,0.0628545222283,0.487792977415,0.195445937719,0.625971142618,0.578260706259,0.485361277438,0,0,/base,/neck_1,1.26059616876,0.0135158499807,0.310914231116,0.195445937719,0.625971142618,0.578260706259,0.485361277438,0,0,/base,/torso_1,1.32017677396,-0.0382610713734,0.143847405206,0.188870260063,0.630656890599,0.569414946478,0.492307353115,0,0,/base,/left_shoulder_1,1.20612938037,0.111537951503,0.261117527526,-0.0725298688137,0.778261853972,0.468063916786,0.412266994296,0,0,/base,/left_elbow_1,1.05526426932,0.174954448873,0.0963052020125,-0.0435013365893,0.777091258013,0.481023953789,0.403550202969,0,0,/base,/left_hand_1,0.893247899443,0.252427740165,-0.0653562828049,-0.507826260114,0.52037540413,-0.464935591907,0.505130501646,0,0,/base,/right_shoulder_1,1.3150630177,-0.0845062531743,0.360710923395,0.358459393248,-0.175177480081,0.808233678868,0.433102798661,0,0,/base,/right_elbow_1,1.40791480064,-0.229519274411,0.176152695358,0.549342203732,-0.261542793614,0.689017653388,0.393793326031,0,0,/base,/right_hand_1,1.42884470176,-0.291437889872,-0.0573991009759,-0.507826260114,0.52037540413,-0.464935591907,0.505130501646,0,0,/base,/left_hip_1,1.34189868492,-0.0219050748801,-0.0578319849607,0.520375404125,0.507826260122,0.505130501657,0.464935591892,0,0,/base,/left_knee_1,1.32016193592,-0.0027256624245,-0.42627612331,0.520372578825,0.507829589953,0.505135307883,0.46492989526,0,0,/base,/left_foot_1,1.29926057062,0.0157174409984,-0.780549224373,-0.507826260114,0.52037540413,-0.464935591907,0.505130501646,0,0,/base,/right_hip_1,1.41761607269,-0.158170917399,0.0113931279324,0.174866788681,0.790249497854,0.585157739716,0.0501772558941,0,0,/base,/right_knee_1,1.33717546084,-0.252053375944,-0.33689619446,-0.120266589427,0.721332988946,0.598769735333,-0.326633541719,0,0,/base,/right_foot_1,1.25982932692,-0.342323981925,-0.671789902915,-0.507826260114,0.52037540413,-0.464935591907,0.505130501646,0,0,/base,left_hand,0.816986981644,0.215104235091,0.0930594694441,0.127026371784,0.986757212054,-0.00881700248235,0.100482664168,0,0,/base,right_hand,0.622553605466,-0.52387586106,0.316771135668,-0.0739655559779,0.995870559692,-0.0238649528319,0.0469189609275
1522314867177192680,19125,1522314867155201911,,205594,1522314867138791084,0,127,52,232,57,99,377,101,218,206122,1522314867153835058,base,7.0,9059.0,-9288.0,10005.0,0.0,0.0,0.0,0.0,0.0,0.0,0.0,0.0,0.0,-93.0,-93.0,-67.0,0.0,0.0,0.0,0.0,0.0,0.0,0.0,0.0,0.0,-1423.0,-1253.0,839.0,0.0,0.0,0.0,0.0,0.0,0.0,0.0,0.0,0.0,0,0,,0.0,0.0,0.0,0.0,0.0,0.0,0.0,0.0,0.0,0.0,0.0,0.0,0.0,0.0,0.0,0.0,0.0,0.0,0.0,964006,1522314867090472574,,head_nod,head_pan,left_e0,left_e1,left_s0,left_s1,left_w0,left_w1,left_w2,right_e0,right_e1,right_s0,right_s1,right_w0,right_w1,right_w2,torso_t0,0.0,-0.101626227197,-0.599402992866,1.20494190888,-0.499694241654,-0.503529193623,0.653092320442,0.849825356489,-0.140359242092,0.906966140837,1.60032545696,-0.284553436153,-1.03121858466,-0.48243695779,1.12364092713,-0.207854396758,-12.5659871192,0.0,-0.00549778714275,0.00824668071413,-0.153152641834,-0.104850654794,-0.0047123889795,-0.0302378292851,0.340862802851,0.018849555918,0.0106028752039,0.0184568568364,-0.00392699081625,0.00510508806113,0.00706858346925,0.00981747704063,-0.00274889357138,0.0,0.0,0.0,-11.312,-11.012,-0.152,-20.932,0.052,-0.24,0.184,10.196,-14.784,0.372,-19.468,-0.024,-0.2,-0.224,-20.48,0,0,/base,/head_1,1.19896231808,0.0614861987633,0.488878974702,0.196621510463,0.624252075941,0.578611357275,0.486680824092,0,0,/base,/neck_1,1.26041768269,0.0125276674386,0.312139819113,0.196621510463,0.624252075941,0.578611357275,0.486680824092,0,0,/base,/torso_1,1.32006878258,-0.0381798511786,0.144770158119,0.191010338901,0.628137515064,0.571239212709,0.492589153824,0,0,/base,/left_shoulder_1,1.20621826266,0.111022915704,0.262988515176,-0.0722055213514,0.776411260727,0.469381750015,0.414309895678,0,0,/base,/left_elbow_1,1.0551526285,0.17572907426,0.0967603211483,-0.0457290272599,0.776509721461,0.482094979427,0.40314505994,0,0,/base,/left_hand_1,0.893068918733,0.252495706532,-0.0651826977121,-0.507826260114,0.52037540413,-0.464935591907,0.505130501646,0,0,/base,/right_shoulder_1,1.31461710272,-0.0859675808268,0.361291123049,0.364402433082,-0.183850281349,0.806954245608,0.426889665262,0,0,/base,/right_elbow_1,1.40752881804,-0.225345622372,0.174167870116,0.542892487932,-0.25111594022,0.692732528859,0.402902189836,0,0,/base,/right_hand_1,1.42838993802,-0.294712262872,-0.0577050392061,-0.507826260114,0.52037540413,-0.464935591907,0.505130501646,0,0,/base,/left_hip_1,1.34204714959,-0.0204255801909,-0.0567634544144,0.520375404126,0.50782626012,0.505130501655,0.464935591895,0,0,/base,/left_knee_1,1.32031040059,-0.00124616773522,-0.425207592764,0.520372861357,0.50782925697,0.50513482726,0.464930464926,0,0,/base,/left_foot_1,1.29940903887,0.0171967986021,-0.779480701174,-0.507826260114,0.52037540413,-0.464935591907,0.505130501646,0,0,/base,/right_hip_1,1.41739261534,-0.157349159401,0.0115644486655,0.177085213344,0.790563185988,0.584046724894,0.0503993979823,0,0,/base,/right_knee_1,1.33567018734,-0.251614246055,-0.336321066308,-0.120084789804,0.720454875835,0.59837280057,-0.329354530378,0,0,/base,/right_foot_1,1.25709121005,-0.342253236882,-0.670826385363,-0.507826260114,0.52037540413,-0.464935591907,0.505130501646,0,0,/base,left_hand,0.816986981644,0.215104235091,0.0930594694441,0.127026371784,0.986757212054,-0.00881700248235,0.100482664168,0,0,/base,right_hand,0.622553605466,-0.52387586106,0.316771135668,-0.0739655559779,0.995870559692,-0.0238649528319,0.0469189609275
1522314867181174648,19286,1522314867138894081,,205594,1522314867138791084,0,127,52,232,57,99,377,101,218,206121,1522314867123842954,base,29.0,9062.0,-9290.0,10000.0,0.0,0.0,0.0,0.0,0.0,0.0,0.0,0.0,0.0,-47.0,-94.0,-48.0,0.0,0.0,0.0,0.0,0.0,0.0,0.0,0.0,0.0,-1432.0,-1261.0,885.0,0.0,0.0,0.0,0.0,0.0,0.0,0.0,0.0,0.0,0,0,,0.0,0.0,0.0,0.0,0.0,0.0,0.0,0.0,0.0,0.0,0.0,0.0,0.0,0.0,0.0,0.0,0.0,0.0,0.0,964004,1522314867070505052,,head_nod,head_pan,left_e0,left_e1,left_s0,left_s1,left_w0,left_w1,left_w2,right_e0,right_e1,right_s0,right_s1,right_w0,right_w1,right_w2,torso_t0,0.0,-0.101626227197,-0.599019497669,1.20647588967,-0.497009775275,-0.503145698426,0.654242806033,0.844072928534,-0.140359242092,0.906966140837,1.60070895216,-0.284553436153,-1.03160207985,-0.481669967396,1.12402442232,-0.207087406365,-12.5659871192,0.0,0.00235619448975,-0.00274889357138,-0.17396569316,-0.110348441937,0.00549778714275,-0.006283185306,0.428434698053,-0.0227765467343,-0.0149225651018,-0.00274889357138,-0.0078539816325,0.00589048622438,0.00667588438763,-0.00510508806113,-0.0113882733671,0.0,0.0,0.0,-11.376,-10.948,-0.248,-21.096,0.016,-0.308,0.176,10.324,-14.812,0.308,-19.436,-0.016,-0.2,-0.212,-20.48,0,0,/base,/head_1,1.19929239955,0.0628545222283,0.487792977415,0.195445937719,0.625971142618,0.578260706259,0.485361277438,0,0,/base,/neck_1,1.26059616876,0.0135158499807,0.310914231116,0.195445937719,0.625971142618,0.578260706259,0.485361277438,0,0,/base,/torso_1,1.32017677396,-0.0382610713734,0.143847405206,0.188870260063,0.630656890599,0.569414946478,0.492307353115,0,0,/base,/left_shoulder_1,1.20612938037,0.111537951503,0.261117527526,-0.0725298688137,0.778261853972,0.468063916786,0.412266994296,0,0,/base,/left_elbow_1,1.05526426932,0.174954448873,0.0963052020125,-0.0435013365893,0.777091258013,0.481023953789,0.403550202969,0,0,/base,/left_hand_1,0.893247899443,0.252427740165,-0.0653562828049,-0.507826260114,0.52037540413,-0.464935591907,0.505130501646,0,0,/base,/right_shoulder_1,1.3150630177,-0.0845062531743,0.360710923395,0.358459393248,-0.175177480081,0.808233678868,0.433102798661,0,0,/base,/right_elbow_1,1.40791480064,-0.229519274411,0.176152695358,0.549342203732,-0.261542793614,0.689017653388,0.393793326031,0,0,/base,/right_hand_1,1.42884470176,-0.291437889872,-0.0573991009759,-0.507826260114,0.52037540413,-0.464935591907,0.505130501646,0,0,/base,/left_hip_1,1.34189868492,-0.0219050748801,-0.0578319849607,0.520375404125,0.507826260122,0.505130501657,0.464935591892,0,0,/base,/left_knee_1,1.32016193592,-0.0027256624245,-0.42627612331,0.520372578825,0.507829589953,0.505135307883,0.46492989526,0,0,/base,/left_foot_1,1.29926057062,0.0157174409984,-0.780549224373,-0.507826260114,0.52037540413,-0.464935591907,0.505130501646,0,0,/base,/right_hip_1,1.41761607269,-0.158170917399,0.0113931279324,0.174866788681,0.790249497854,0.585157739716,0.0501772558941,0,0,/base,/right_knee_1,1.33717546084,-0.252053375944,-0.33689619446,-0.120266589427,0.721332988946,0.598769735333,-0.326633541719,0,0,/base,/right_foot_1,1.25982932692,-0.342323981925,-0.671789902915,-0.507826260114,0.52037540413,-0.464935591907,0.505130501646,0,0,/base,left_hand,0.816986981644,0.215104235091,0.0930594694441,0.127026371784,0.986757212054,-0.00881700248235,0.100482664168,0,0,/base,right_hand,0.622553605466,-0.52387586106,0.316771135668,-0.0739655559779,0.995870559692,-0.0238649528319,0.0469189609275
1522314867181181883,19287,1522314867164802074,,205595,1522314867161848068,0,136,54,212,58,108,371,103,208,206122,1522314867153835058,base,7.0,9059.0,-9288.0,10005.0,0.0,0.0,0.0,0.0,0.0,0.0,0.0,0.0,0.0,-93.0,-93.0,-67.0,0.0,0.0,0.0,0.0,0.0,0.0,0.0,0.0,0.0,-1423.0,-1253.0,839.0,0.0,0.0,0.0,0.0,0.0,0.0,0.0,0.0,0.0,0,0,,0.0,0.0,0.0,0.0,0.0,0.0,0.0,0.0,0.0,0.0,0.0,0.0,0.0,0.0,0.0,0.0,0.0,0.0,0.0,964007,1522314867100450703,,head_nod,head_pan,left_e0,left_e1,left_s0,left_s1,left_w0,left_w1,left_w2,right_e0,right_e1,right_s0,right_s1,right_w0,right_w1,right_w2,torso_t0,0.0,-0.101242732,-0.599402992866,1.2026409377,-0.500844727245,-0.503529193623,0.653859310836,0.852893318064,-0.139208756501,0.90658264564,1.60032545696,-0.283786445759,-1.03160207985,-0.482053462593,1.12364092713,-0.208237891955,-12.5659871192,0.0,-0.006283185306,0.000392699081625,-0.12330751163,-0.104065256631,-0.00981747704063,-0.0129590696936,0.298451302035,0.0109955742855,-0.0121736715304,-0.012566370612,0.0109955742855,-0.00196349540813,-0.0113882733671,0.0161006623466,-0.0149225651018,0.0,0.0,0.0,-11.376,-11.012,-0.216,-20.836,0.068,-0.252,0.196,10.228,-14.784,0.308,-19.408,-0.024,-0.24,-0.224,-20.48,0,0,/base,/head_1,1.19896231808,0.0614861987633,0.488878974702,0.196621510463,0.624252075941,0.578611357275,0.486680824092,0,0,/base,/neck_1,1.26041768269,0.0125276674386,0.312139819113,0.196621510463,0.624252075941,0.578611357275,0.486680824092,0,0,/base,/torso_1,1.32006878258,-0.0381798511786,0.144770158119,0.191010338901,0.628137515064,0.571239212709,0.492589153824,0,0,/base,/left_shoulder_1,1.20621826266,0.111022915704,0.262988515176,-0.0722055213514,0.776411260727,0.469381750015,0.414309895678,0,0,/base,/left_elbow_1,1.0551526285,0.17572907426,0.0967603211483,-0.0457290272599,0.776509721461,0.482094979427,0.40314505994,0,0,/base,/left_hand_1,0.893068918733,0.252495706532,-0.0651826977121,-0.507826260114,0.52037540413,-0.464935591907,0.505130501646,0,0,/base,/right_shoulder_1,1.31461710272,-0.0859675808268,0.361291123049,0.364402433082,-0.183850281349,0.806954245608,0.426889665262,0,0,/base,/right_elbow_1,1.40752881804,-0.225345622372,0.174167870116,0.542892487932,-0.25111594022,0.692732528859,0.402902189836,0,0,/base,/right_hand_1,1.42838993802,-0.294712262872,-0.0577050392061,-0.507826260114,0.52037540413,-0.464935591907,0.505130501646,0,0,/base,/left_hip_1,1.34204714959,-0.0204255801909,-0.0567634544144,0.520375404126,0.50782626012,0.505130501655,0.464935591895,0,0,/base,/left_knee_1,1.32031040059,-0.00124616773522,-0.425207592764,0.520372861357,0.50782925697,0.50513482726,0.464930464926,0,0,/base,/left_foot_1,1.29940903887,0.0171967986021,-0.779480701174,-0.507826260114,0.52037540413,-0.464935591907,0.505130501646,0,0,/base,/right_hip_1,1.41739261534,-0.157349159401,0.0115644486655,0.177085213344,0.790563185988,0.584046724894,0.0503993979823,0,0,/base,/right_knee_1,1.33567018734,-0.251614246055,-0.336321066308,-0.120084789804,0.720454875835,0.59837280057,-0.329354530378,0,0,/base,/right_foot_1,1.25709121005,-0.342253236882,-0.670826385363,-0.507826260114,0.52037540413,-0.464935591907,0.505130501646,0,0,/base,left_hand,0.816726125626,0.213346434687,0.0941529392747,0.128500480208,0.986814373145,-0.00777037479821,0.0981052537675,0,0,/base,right_hand,0.622878201247,-0.523802485977,0.316841022234,-0.0747576136414,0.995792854764,-0.0241803392799,0.0471508302778
1522314867217232095,19126,1522314867178699016,,205596,1522314867178378105,0,123,55,206,53,100,354,104,277,206123,1522314867177371025,base,-18.0,9060.0,-9282.0,10010.0,0.0,0.0,0.0,0.0,0.0,0.0,0.0,0.0,0.0,-117.0,-90.0,-53.0,0.0,0.0,0.0,0.0,0.0,0.0,0.0,0.0,0.0,-1427.0,-1296.0,825.0,0.0,0.0,0.0,0.0,0.0,0.0,0.0,0.0,0.0,0,0,,0.0,0.0,0.0,0.0,0.0,0.0,0.0,0.0,0.0,0.0,0.0,0.0,0.0,0.0,0.0,0.0,0.0,0.0,0.0,964006,1522314867090472574,,head_nod,head_pan,left_e0,left_e1,left_s0,left_s1,left_w0,left_w1,left_w2,right_e0,right_e1,right_s0,right_s1,right_w0,right_w1,right_w2,torso_t0,0.0,-0.101626227197,-0.599402992866,1.20494190888,-0.499694241654,-0.503529193623,0.653092320442,0.849825356489,-0.140359242092,0.906966140837,1.60032545696,-0.284553436153,-1.03121858466,-0.48243695779,1.12364092713,-0.207854396758,-12.5659871192,0.0,-0.00549778714275,0.00824668071413,-0.153152641834,-0.104850654794,-0.0047123889795,-0.0302378292851,0.340862802851,0.018849555918,0.0106028752039,0.0184568568364,-0.00392699081625,0.00510508806113,0.00706858346925,0.00981747704063,-0.00274889357138,0.0,0.0,0.0,-11.312,-11.012,-0.152,-20.932,0.052,-0.24,0.184,10.196,-14.784,0.372,-19.468,-0.024,-0.2,-0.224,-20.48,0,0,/base,/head_1,1.19896231808,0.0614861987633,0.488878974702,0.196621510463,0.624252075941,0.578611357275,0.486680824092,0,0,/base,/neck_1,1.26041768269,0.0125276674386,0.312139819113,0.196621510463,0.624252075941,0.578611357275,0.486680824092,0,0,/base,/torso_1,1.32006878258,-0.0381798511786,0.144770158119,0.191010338901,0.628137515064,0.571239212709,0.492589153824,0,0,/base,/left_shoulder_1,1.20621826266,0.111022915704,0.262988515176,-0.0722055213514,0.776411260727,0.469381750015,0.414309895678,0,0,/base,/left_elbow_1,1.0551526285,0.17572907426,0.0967603211483,-0.0457290272599,0.776509721461,0.482094979427,0.40314505994,0,0,/base,/left_hand_1,0.893068918733,0.252495706532,-0.0651826977121,-0.507826260114,0.52037540413,-0.464935591907,0.505130501646,0,0,/base,/right_shoulder_1,1.31461710272,-0.0859675808268,0.361291123049,0.364402433082,-0.183850281349,0.806954245608,0.426889665262,0,0,/base,/right_elbow_1,1.40752881804,-0.225345622372,0.174167870116,0.542892487932,-0.25111594022,0.692732528859,0.402902189836,0,0,/base,/right_hand_1,1.42838993802,-0.294712262872,-0.0577050392061,-0.507826260114,0.52037540413,-0.464935591907,0.505130501646,0,0,/base,/left_hip_1,1.34204714959,-0.0204255801909,-0.0567634544144,0.520375404126,0.50782626012,0.505130501655,0.464935591895,0,0,/base,/left_knee_1,1.32031040059,-0.00124616773522,-0.425207592764,0.520372861357,0.50782925697,0.50513482726,0.464930464926,0,0,/base,/left_foot_1,1.29940903887,0.0171967986021,-0.779480701174,-0.507826260114,0.52037540413,-0.464935591907,0.505130501646,0,0,/base,/right_hip_1,1.41739261534,-0.157349159401,0.0115644486655,0.177085213344,0.790563185988,0.584046724894,0.0503993979823,0,0,/base,/right_knee_1,1.33567018734,-0.251614246055,-0.336321066308,-0.120084789804,0.720454875835,0.59837280057,-0.329354530378,0,0,/base,/right_foot_1,1.25709121005,-0.342253236882,-0.670826385363,-0.507826260114,0.52037540413,-0.464935591907,0.505130501646,0,0,/base,left_hand,0.816726125626,0.213346434687,0.0941529392747,0.128500480208,0.986814373145,-0.00777037479821,0.0981052537675,0,0,/base,right_hand,0.622878201247,-0.523802485977,0.316841022234,-0.0747576136414,0.995792854764,-0.0241803392799,0.0471508302778
1522314867217242081,19127,1522314867199546098,,205597,1522314867199176073,0,124,54,204,58,99,299,102,294,206124,1522314867183752059,base,-38.0,9052.0,-9280.0,10018.0,0.0,0.0,0.0,0.0,0.0,0.0,0.0,0.0,0.0,-62.0,-97.0,-23.0,0.0,0.0,0.0,0.0,0.0,0.0,0.0,0.0,0.0,-1404.0,-1335.0,859.0,0.0,0.0,0.0,0.0,0.0,0.0,0.0,0.0,0.0,0,0,,0.0,0.0,0.0,0.0,0.0,0.0,0.0,0.0,0.0,0.0,0.0,0.0,0.0,0.0,0.0,0.0,0.0,0.0,0.0,964010,1522314867130489232,,head_nod,head_pan,left_e0,left_e1,left_s0,left_s1,left_w0,left_w1,left_w2,right_e0,right_e1,right_s0,right_s1,right_w0,right_w1,right_w2,torso_t0,0.0,-0.101242732,-0.599786488063,1.20033996652,-0.503145698426,-0.503145698426,0.653859310836,0.860946717201,-0.139975746895,0.90658264564,1.60109244736,-0.28493693135,-1.03083508946,-0.482053462593,1.12325743193,-0.209388377546,-12.5659871192,0.0,-0.006283185306,0.00589048622438,-0.103672557549,-0.0840376034678,-0.00274889357138,0.0078539816325,0.248578518669,-0.00392699081625,0.00117809724488,-0.00706858346925,-0.0106028752039,-0.00117809724488,0.00706858346925,-0.00863937979575,-0.00746128255088,0.0,0.0,0.0,-11.216,-10.788,-0.216,-20.672,0.052,-0.268,0.184,10.26,-14.844,0.216,-19.468,-0.008,-0.18,-0.224,-20.48,0,0,/base,/head_1,1.19881619148,0.0614855782839,0.490038386629,0.198365077255,0.622255579405,0.578160216381,0.489060378911,0,0,/base,/neck_1,1.26063863208,0.0124427673913,0.312805950915,0.198365077255,0.622255579405,0.578160216381,0.489060378911,0,0,/base,/torso_1,1.32037178649,-0.0378974217149,0.145354414651,0.1932083742,0.62583820596,0.571370086954,0.494503071612,0,0,/base,/left_shoulder_1,1.20711055664,0.111451240668,0.263953324101,-0.0738006070497,0.777034419488,0.467930389638,0.414502269938,0,0,/base,/left_elbow_1,1.05672466163,0.175107815043,0.0977830304224,-0.0445641109788,0.777567210178,0.48223463394,0.401064871931,0,0,/base,/left_hand_1,0.893780101886,0.251831974005,-0.0633174320929,-0.507826260114,0.52037540413,-0.464935591907,0.505130501646,0,0,/base,/right_shoulder_1,1.31416676858,-0.0865656930777,0.361658582446,0.366573498353,-0.189998309029,0.805619086833,0.424855739989,0,0,/base,/right_elbow_1,1.40727747055,-0.223687406516,0.172521154989,0.543185098384,-0.247418474634,0.690398402093,0.408759212362,0,0,/base,/right_hand_1,1.4255977823,-0.295202335967,-0.0578497491365,-0.507826260114,0.52037540413,-0.464935591907,0.505130501646,0,0,/base,/left_hip_1,1.34289879007,-0.0194190385206,-0.0560534940834,0.520375404127,0.507826260119,0.505130501653,0.464935591897,0,0,/base,/left_knee_1,1.32116204107,-0.000239626064923,-0.424497632433,0.520373115636,0.507828957286,0.5051343947,0.464930977626,0,0,/base,/left_foot_1,1.30026080435,0.0182032219775,-0.778770754375,-0.507826260114,0.52037540413,-0.464935591907,0.505130501646,0,0,/base,/right_hip_1,1.41731109104,-0.157056189946,0.0118592352368,0.179691031725,0.79066181604,0.582926948515,0.0525471071434,0,0,/base,/right_knee_1,1.33493630822,-0.251600206724,-0.335797779794,-0.11974696615,0.720189178132,0.59812509125,-0.330506561232,0,0,/base,/right_foot_1,1.2557297385,-0.34250770626,-0.670083277415,-0.507826260114,0.52037540413,-0.464935591907,0.505130501646,0,0,/base,left_hand,0.816298073864,0.213059659459,0.094487921093,0.127876834397,0.98708177032,-0.00748459424657,0.0962344780973,0,0,/base,right_hand,0.622641558517,-0.523636698715,0.316605256152,-0.074723978113,0.995821852321,-0.0237092149523,0.0468298906805
1522314867221546545,19288,1522314867186791896,,205596,1522314867178378105,0,123,55,206,53,100,354,104,277,206124,1522314867183752059,base,-38.0,9052.0,-9280.0,10018.0,0.0,0.0,0.0,0.0,0.0,0.0,0.0,0.0,0.0,-62.0,-97.0,-23.0,0.0,0.0,0.0,0.0,0.0,0.0,0.0,0.0,0.0,-1404.0,-1335.0,859.0,0.0,0.0,0.0,0.0,0.0,0.0,0.0,0.0,0.0,0,0,,0.0,0.0,0.0,0.0,0.0,0.0,0.0,0.0,0.0,0.0,0.0,0.0,0.0,0.0,0.0,0.0,0.0,0.0,0.0,964009,1522314867120509706,,head_nod,head_pan,left_e0,left_e1,left_s0,left_s1,left_w0,left_w1,left_w2,right_e0,right_e1,right_s0,right_s1,right_w0,right_w1,right_w2,torso_t0,0.0,-0.101242732,-0.599402992866,1.20072346172,-0.501995212836,-0.503529193623,0.652708825245,0.858262250822,-0.139975746895,0.906966140837,1.60070895216,-0.284169940956,-1.03121858466,-0.481669967396,1.12402442232,-0.208237891955,-12.5659871192,0.0,0.00235619448975,-0.015707963265,-0.10877764561,-0.0938550805084,-0.0102101761223,-0.0102101761223,0.274496658056,-0.0204203522445,-0.0109955742855,0.00903207887738,0.00981747704063,-0.003141592653,0.00353429173463,-0.0168860605099,-0.0015707963265,0.0,0.0,0.0,-11.28,-10.852,-0.184,-20.704,0.076,-0.252,0.204,10.168,-14.812,0.404,-19.496,-0.016,-0.2,-0.232,-20.48,0,0,/base,/head_1,1.19881619148,0.0614855782839,0.490038386629,0.198365077255,0.622255579405,0.578160216381,0.489060378911,0,0,/base,/neck_1,1.26063863208,0.0124427673913,0.312805950915,0.198365077255,0.622255579405,0.578160216381,0.489060378911,0,0,/base,/torso_1,1.32037178649,-0.0378974217149,0.145354414651,0.1932083742,0.62583820596,0.571370086954,0.494503071612,0,0,/base,/left_shoulder_1,1.20711055664,0.111451240668,0.263953324101,-0.0738006070497,0.777034419488,0.467930389638,0.414502269938,0,0,/base,/left_elbow_1,1.05672466163,0.175107815043,0.0977830304224,-0.0445641109788,0.777567210178,0.48223463394,0.401064871931,0,0,/base,/left_hand_1,0.893780101886,0.251831974005,-0.0633174320929,-0.507826260114,0.52037540413,-0.464935591907,0.505130501646,0,0,/base,/right_shoulder_1,1.31416676858,-0.0865656930777,0.361658582446,0.366573498353,-0.189998309029,0.805619086833,0.424855739989,0,0,/base,/right_elbow_1,1.40727747055,-0.223687406516,0.172521154989,0.543185098384,-0.247418474634,0.690398402093,0.408759212362,0,0,/base,/right_hand_1,1.4255977823,-0.295202335967,-0.0578497491365,-0.507826260114,0.52037540413,-0.464935591907,0.505130501646,0,0,/base,/left_hip_1,1.34289879007,-0.0194190385206,-0.0560534940834,0.520375404127,0.507826260119,0.505130501653,0.464935591897,0,0,/base,/left_knee_1,1.32031040059,-0.00124616773522,-0.425207592764,0.520372861357,0.50782925697,0.50513482726,0.464930464926,0,0,/base,/left_foot_1,1.29940903887,0.0171967986021,-0.779480701174,-0.507826260114,0.52037540413,-0.464935591907,0.505130501646,0,0,/base,/right_hip_1,1.41739261534,-0.157349159401,0.0115644486655,0.177085213344,0.790563185988,0.584046724894,0.0503993979823,0,0,/base,/right_knee_1,1.33567018734,-0.251614246055,-0.336321066308,-0.120084789804,0.720454875835,0.59837280057,-0.329354530378,0,0,/base,/right_foot_1,1.25709121005,-0.342253236882,-0.670826385363,-0.507826260114,0.52037540413,-0.464935591907,0.505130501646,0,0,/base,left_hand,0.816298073864,0.213059659459,0.094487921093,0.127876834397,0.98708177032,-0.00748459424657,0.0962344780973,0,0,/base,right_hand,0.622641558517,-0.523636698715,0.316605256152,-0.074723978113,0.995821852321,-0.0237092149523,0.0468298906805
1522314867221555871,19289,1522314867205241918,,205597,1522314867199176073,0,124,54,204,58,99,299,102,294,206124,1522314867183752059,base,-38.0,9052.0,-9280.0,10018.0,0.0,0.0,0.0,0.0,0.0,0.0,0.0,0.0,0.0,-62.0,-97.0,-23.0,0.0,0.0,0.0,0.0,0.0,0.0,0.0,0.0,0.0,-1404.0,-1335.0,859.0,0.0,0.0,0.0,0.0,0.0,0.0,0.0,0.0,0.0,0,0,,0.0,0.0,0.0,0.0,0.0,0.0,0.0,0.0,0.0,0.0,0.0,0.0,0.0,0.0,0.0,0.0,0.0,0.0,0.0,964009,1522314867120509706,,head_nod,head_pan,left_e0,left_e1,left_s0,left_s1,left_w0,left_w1,left_w2,right_e0,right_e1,right_s0,right_s1,right_w0,right_w1,right_w2,torso_t0,0.0,-0.101242732,-0.599402992866,1.20072346172,-0.501995212836,-0.503529193623,0.652708825245,0.858262250822,-0.139975746895,0.906966140837,1.60070895216,-0.284169940956,-1.03121858466,-0.481669967396,1.12402442232,-0.208237891955,-12.5659871192,0.0,0.00235619448975,-0.015707963265,-0.10877764561,-0.0938550805084,-0.0102101761223,-0.0102101761223,0.274496658056,-0.0204203522445,-0.0109955742855,0.00903207887738,0.00981747704063,-0.003141592653,0.00353429173463,-0.0168860605099,-0.0015707963265,0.0,0.0,0.0,-11.28,-10.852,-0.184,-20.704,0.076,-0.252,0.204,10.168,-14.812,0.404,-19.496,-0.016,-0.2,-0.232,-20.48,0,0,/base,/head_1,1.19881619148,0.0614855782839,0.490038386629,0.198365077255,0.622255579405,0.578160216381,0.489060378911,0,0,/base,/neck_1,1.26063863208,0.0124427673913,0.312805950915,0.198365077255,0.622255579405,0.578160216381,0.489060378911,0,0,/base,/torso_1,1.32037178649,-0.0378974217149,0.145354414651,0.1932083742,0.62583820596,0.571370086954,0.494503071612,0,0,/base,/left_shoulder_1,1.20711055664,0.111451240668,0.263953324101,-0.0738006070497,0.777034419488,0.467930389638,0.414502269938,0,0,/base,/left_elbow_1,1.05672466163,0.175107815043,0.0977830304224,-0.0445641109788,0.777567210178,0.48223463394,0.401064871931,0,0,/base,/left_hand_1,0.893780101886,0.251831974005,-0.0633174320929,-0.507826260114,0.52037540413,-0.464935591907,0.505130501646,0,0,/base,/right_shoulder_1,1.31416676858,-0.0865656930777,0.361658582446,0.366573498353,-0.189998309029,0.805619086833,0.424855739989,0,0,/base,/right_elbow_1,1.40727747055,-0.223687406516,0.172521154989,0.543185098384,-0.247418474634,0.690398402093,0.408759212362,0,0,/base,/right_hand_1,1.4255977823,-0.295202335967,-0.0578497491365,-0.507826260114,0.52037540413,-0.464935591907,0.505130501646,0,0,/base,/left_hip_1,1.34289879007,-0.0194190385206,-0.0560534940834,0.520375404127,0.507826260119,0.505130501653,0.464935591897,0,0,/base,/left_knee_1,1.32116204107,-0.000239626064923,-0.424497632433,0.520373115636,0.507828957286,0.5051343947,0.464930977626,0,0,/base,/left_foot_1,1.30026080435,0.0182032219775,-0.778770754375,-0.507826260114,0.52037540413,-0.464935591907,0.505130501646,0,0,/base,/right_hip_1,1.41731109104,-0.157056189946,0.0118592352368,0.179691031725,0.79066181604,0.582926948515,0.0525471071434,0,0,/base,/right_knee_1,1.33493630822,-0.251600206724,-0.335797779794,-0.11974696615,0.720189178132,0.59812509125,-0.330506561232,0,0,/base,/right_foot_1,1.2557297385,-0.34250770626,-0.670083277415,-0.507826260114,0.52037540413,-0.464935591907,0.505130501646,0,0,/base,left_hand,0.816298073864,0.213059659459,0.094487921093,0.127876834397,0.98708177032,-0.00748459424657,0.0962344780973,0,0,/base,right_hand,0.622641558517,-0.523636698715,0.316605256152,-0.074723978113,0.995821852321,-0.0237092149523,0.0468298906805
1522314867257168650,19128,1522314867217822074,,205597,1522314867199176073,0,124,54,204,58,99,299,102,294,206125,1522314867206480026,base,-46.0,9037.0,-9284.0,10028.0,0.0,0.0,0.0,0.0,0.0,0.0,0.0,0.0,0.0,16.0,-103.0,-30.0,0.0,0.0,0.0,0.0,0.0,0.0,0.0,0.0,0.0,-1398.0,-1259.0,829.0,0.0,0.0,0.0,0.0,0.0,0.0,0.0,0.0,0.0,0,0,,0.0,0.0,0.0,0.0,0.0,0.0,0.0,0.0,0.0,0.0,0.0,0.0,0.0,0.0,0.0,0.0,0.0,0.0,0.0,964011,1522314867140467311,,head_nod,head_pan,left_e0,left_e1,left_s0,left_s1,left_w0,left_w1,left_w2,right_e0,right_e1,right_s0,right_s1,right_w0,right_w1,right_w2,torso_t0,0.0,-0.101242732,-0.600553478457,1.19918948093,-0.503529193623,-0.50391268882,0.653475815639,0.862480697989,-0.139975746895,0.907733131231,1.60109244736,-0.28493693135,-1.03121858466,-0.482053462593,1.12402442232,-0.209004882349,-12.5659871192,0.0,0.00589048622438,-0.00078539816325,-0.117024326324,-0.0738274273455,-0.003141592653,0.0204203522445,0.228158166424,-0.00903207887738,0.0,0.0164933614283,0.00510508806113,-0.00117809724488,0.00392699081625,-0.0015707963265,-0.000392699081625,0.0,0.0,0.0,-11.248,-10.852,-0.124,-20.64,0.076,-0.3,0.184,10.26,-14.872,0.28,-19.468,-0.032,-0.168,-0.224,-20.48,0,0,/base,/head_1,1.19984005553,0.0616512618989,0.487707246164,0.199814813148,0.621666442814,0.576881071127,0.490727117756,0,0,/base,/neck_1,1.26116183908,0.0125207735492,0.311449937929,0.199814813148,0.621666442814,0.576881071127,0.490727117756,0,0,/base,/torso_1,1.31995299841,-0.0384976677846,0.143871073917,0.195974783886,0.626502969873,0.568815799067,0.495516396856,0,0,/base,/left_shoulder_1,1.20814444158,0.111817072856,0.262626147589,-0.0710076408543,0.77947229803,0.465427239925,0.413229156619,0,0,/base,/left_elbow_1,1.0578848186,0.175304210352,0.0980218668943,-0.0411352846605,0.779630106886,0.479781689453,0.400367725047,0,0,/base,/left_hand_1,0.89452691252,0.252639376256,-0.0623692072895,-0.507826260114,0.52037540413,-0.464935591907,0.505130501646,0,0,/base,/right_shoulder_1,1.31417929784,-0.0867755205661,0.360273732577,0.36591473308,-0.1915076395,0.805776237801,0.424447743218,0,0,/base,/right_elbow_1,1.40814340843,-0.224188816198,0.170208365602,0.547224056305,-0.246310566494,0.687458327783,0.408996313671,0,0,/base,/right_hand_1,1.42424583595,-0.295040662619,-0.0606390453087,-0.507826260114,0.52037540413,-0.464935591907,0.505130501646,0,0,/base,/left_hip_1,1.3418928236,-0.0204974844877,-0.0576441232784,0.520375404128,0.507826260118,0.505130501652,0.464935591899,0,0,/base,/left_knee_1,1.3201560746,-0.00131807203206,-0.426088261628,0.520373344487,0.50782868757,0.505134005396,0.464931439055,0,0,/base,/left_foot_1,1.29925484087,0.0171246617723,-0.780361389693,-0.507826260114,0.52037540413,-0.464935591907,0.505130501646,0,0,/base,/right_hip_1,1.41559549119,-0.158534740573,0.0102285274678,0.180627365091,0.789780943426,0.583590749004,0.0551511927246,0,0,/base,/right_knee_1,1.33394031294,-0.252256868525,-0.337819913492,-0.120163111387,0.72014962863,0.598970231352,-0.328907283288,0,0,/base,/right_foot_1,1.25542577443,-0.342374249039,-0.672481940809,-0.507826260114,0.52037540413,-0.464935591907,0.505130501646,0,0,/base,left_hand,0.816124823086,0.212070754259,0.095187457469,0.128657398226,0.987135189727,-0.00634539885153,0.0947160334768,0,0,/base,right_hand,0.622888458996,-0.523525954991,0.316930958971,-0.0744811001699,0.995806415098,-0.0238277728093,0.0474803813175
1522314867257176993,19129,1522314867237850904,,205599,1522314867236259937,0,147,50,119,58,126,336,111,311,206126,1522314867228761911,base,-58.0,9030.0,-9282.0,10036.0,0.0,0.0,0.0,0.0,0.0,0.0,0.0,0.0,0.0,-58.0,-76.0,-41.0,0.0,0.0,0.0,0.0,0.0,0.0,0.0,0.0,0.0,-1415.0,-1216.0,857.0,0.0,0.0,0.0,0.0,0.0,0.0,0.0,0.0,0.0,0,0,,0.0,0.0,0.0,0.0,0.0,0.0,0.0,0.0,0.0,0.0,0.0,0.0,0.0,0.0,0.0,0.0,0.0,0.0,0.0,964014,1522314867170497670,,head_nod,head_pan,left_e0,left_e1,left_s0,left_s1,left_w0,left_w1,left_w2,right_e0,right_e1,right_s0,right_s1,right_w0,right_w1,right_w2,torso_t0,0.0,-0.101242732,-0.599786488063,1.19688850975,-0.505063174411,-0.50391268882,0.653092320442,0.866315649958,-0.139208756501,0.90658264564,1.60109244736,-0.284169940956,-1.03160207985,-0.48243695779,1.12325743193,-0.207854396758,-12.5659871192,0.0,0.0,-0.0164933614283,-0.0671515429579,-0.0479092879583,0.00431968989788,-0.00196349540813,0.159828526221,-0.00746128255088,0.00667588438763,-0.0204203522445,0.0,0.00510508806113,0.00981747704063,-0.00117809724488,-0.00274889357138,0.0,0.0,0.0,-11.248,-10.916,0.0,-20.572,0.06,-0.328,0.196,10.228,-14.872,0.34,-19.468,-0.032,-0.22,-0.232,-20.48,0,0,/base,/head_1,1.19984005553,0.0616512618989,0.487707246164,0.199814813148,0.621666442814,0.576881071127,0.490727117756,0,0,/base,/neck_1,1.26116183908,0.0125207735492,0.311449937929,0.199814813148,0.621666442814,0.576881071127,0.490727117756,0,0,/base,/torso_1,1.31995299841,-0.0384976677846,0.143871073917,0.195974783886,0.626502969873,0.568815799067,0.495516396856,0,0,/base,/left_shoulder_1,1.20814444158,0.111817072856,0.262626147589,-0.0710076408543,0.77947229803,0.465427239925,0.413229156619,0,0,/base,/left_elbow_1,1.0578848186,0.175304210352,0.0980218668943,-0.0411352846605,0.779630106886,0.479781689453,0.400367725047,0,0,/base,/left_hand_1,0.89452691252,0.252639376256,-0.0623692072895,-0.507826260114,0.52037540413,-0.464935591907,0.505130501646,0,0,/base,/right_shoulder_1,1.31417929784,-0.0867755205661,0.360273732577,0.36591473308,-0.1915076395,0.805776237801,0.424447743218,0,0,/base,/right_elbow_1,1.40814340843,-0.224188816198,0.170208365602,0.547224056305,-0.246310566494,0.687458327783,0.408996313671,0,0,/base,/right_hand_1,1.42424583595,-0.295040662619,-0.0606390453087,-0.507826260114,0.52037540413,-0.464935591907,0.505130501646,0,0,/base,/left_hip_1,1.3418928236,-0.0204974844877,-0.0576441232784,0.520375404128,0.507826260118,0.505130501652,0.464935591899,0,0,/base,/left_knee_1,1.3201560746,-0.00131807203206,-0.426088261628,0.520373344487,0.50782868757,0.505134005396,0.464931439055,0,0,/base,/left_foot_1,1.29925484087,0.0171246617723,-0.780361389693,-0.507826260114,0.52037540413,-0.464935591907,0.505130501646,0,0,/base,/right_hip_1,1.41559549119,-0.158534740573,0.0102285274678,0.180627365091,0.789780943426,0.583590749004,0.0551511927246,0,0,/base,/right_knee_1,1.33394031294,-0.252256868525,-0.337819913492,-0.120163111387,0.72014962863,0.598970231352,-0.328907283288,0,0,/base,/right_foot_1,1.25542577443,-0.342374249039,-0.672481940809,-0.507826260114,0.52037540413,-0.464935591907,0.505130501646,0,0,/base,left_hand,0.8162706903,0.211936478159,0.0956328418969,0.12899920902,0.987130808011,-0.00622295999789,0.0943040121967,0,0,/base,right_hand,0.622620892764,-0.523930567615,0.316594457778,-0.0746110196446,0.995809546103,-0.0242667930567,0.0469858105462
1522314867261157405,19290,1522314867222544908,,205598,1522314867221771001,0,143,51,167,59,108,305,98,297,206125,1522314867206480026,base,-46.0,9037.0,-9284.0,10028.0,0.0,0.0,0.0,0.0,0.0,0.0,0.0,0.0,0.0,16.0,-103.0,-30.0,0.0,0.0,0.0,0.0,0.0,0.0,0.0,0.0,0.0,-1398.0,-1259.0,829.0,0.0,0.0,0.0,0.0,0.0,0.0,0.0,0.0,0.0,0,0,,0.0,0.0,0.0,0.0,0.0,0.0,0.0,0.0,0.0,0.0,0.0,0.0,0.0,0.0,0.0,0.0,0.0,0.0,0.0,964013,1522314867160459935,,head_nod,head_pan,left_e0,left_e1,left_s0,left_s1,left_w0,left_w1,left_w2,right_e0,right_e1,right_s0,right_s1,right_w0,right_w1,right_w2,torso_t0,0.0,-0.101626227197,-0.599019497669,1.19765550014,-0.505063174411,-0.503529193623,0.653092320442,0.865932154761,-0.139208756501,0.906966140837,1.60032545696,-0.284553436153,-1.03121858466,-0.481669967396,1.12402442232,-0.208237891955,-12.5659871192,0.0,-0.0117809724488,0.0102101761223,-0.0856083997943,-0.0671515429579,-0.0121736715304,-0.00431968989788,0.175143790405,-0.00196349540813,0.003141592653,0.00196349540813,0.00196349540813,0.00903207887738,-0.0129590696936,-0.00746128255088,-0.003141592653,0.0,0.0,0.0,-11.216,-10.948,-0.308,-20.54,0.052,-0.32,0.196,10.26,-14.872,0.372,-19.408,-0.04,-0.188,-0.212,-20.48,0,0,/base,/head_1,1.19984005553,0.0616512618989,0.487707246164,0.199814813148,0.621666442814,0.576881071127,0.490727117756,0,0,/base,/neck_1,1.26116183908,0.0125207735492,0.311449937929,0.199814813148,0.621666442814,0.576881071127,0.490727117756,0,0,/base,/torso_1,1.31995299841,-0.0384976677846,0.143871073917,0.195974783886,0.626502969873,0.568815799067,0.495516396856,0,0,/base,/left_shoulder_1,1.20814444158,0.111817072856,0.262626147589,-0.0710076408543,0.77947229803,0.465427239925,0.413229156619,0,0,/base,/left_elbow_1,1.0578848186,0.175304210352,0.0980218668943,-0.0411352846605,0.779630106886,0.479781689453,0.400367725047,0,0,/base,/left_hand_1,0.89452691252,0.252639376256,-0.0623692072895,-0.507826260114,0.52037540413,-0.464935591907,0.505130501646,0,0,/base,/right_shoulder_1,1.31417929784,-0.0867755205661,0.360273732577,0.36591473308,-0.1915076395,0.805776237801,0.424447743218,0,0,/base,/right_elbow_1,1.40814340843,-0.224188816198,0.170208365602,0.547224056305,-0.246310566494,0.687458327783,0.408996313671,0,0,/base,/right_hand_1,1.42424583595,-0.295040662619,-0.0606390453087,-0.507826260114,0.52037540413,-0.464935591907,0.505130501646,0,0,/base,/left_hip_1,1.3418928236,-0.0204974844877,-0.0576441232784,0.520375404128,0.507826260118,0.505130501652,0.464935591899,0,0,/base,/left_knee_1,1.3201560746,-0.00131807203206,-0.426088261628,0.520373344487,0.50782868757,0.505134005396,0.464931439055,0,0,/base,/left_foot_1,1.29925484087,0.0171246617723,-0.780361389693,-0.507826260114,0.52037540413,-0.464935591907,0.505130501646,0,0,/base,/right_hip_1,1.41559549119,-0.158534740573,0.0102285274678,0.180627365091,0.789780943426,0.583590749004,0.0551511927246,0,0,/base,/right_knee_1,1.33394031294,-0.252256868525,-0.337819913492,-0.120163111387,0.72014962863,0.598970231352,-0.328907283288,0,0,/base,/right_foot_1,1.25542577443,-0.342374249039,-0.672481940809,-0.507826260114,0.52037540413,-0.464935591907,0.505130501646,0,0,/base,left_hand,0.816124823086,0.212070754259,0.095187457469,0.128657398226,0.987135189727,-0.00634539885153,0.0947160334768,0,0,/base,right_hand,0.622888458996,-0.523525954991,0.316930958971,-0.0744811001699,0.995806415098,-0.0238277728093,0.0474803813175
1522314867261246810,19291,1522314867241246938,,205599,1522314867236259937,0,147,50,119,58,126,336,111,311,206126,1522314867228761911,base,-58.0,9030.0,-9282.0,10036.0,0.0,0.0,0.0,0.0,0.0,0.0,0.0,0.0,0.0,-58.0,-76.0,-41.0,0.0,0.0,0.0,0.0,0.0,0.0,0.0,0.0,0.0,-1415.0,-1216.0,857.0,0.0,0.0,0.0,0.0,0.0,0.0,0.0,0.0,0.0,0,0,,0.0,0.0,0.0,0.0,0.0,0.0,0.0,0.0,0.0,0.0,0.0,0.0,0.0,0.0,0.0,0.0,0.0,0.0,0.0,964014,1522314867170497670,,head_nod,head_pan,left_e0,left_e1,left_s0,left_s1,left_w0,left_w1,left_w2,right_e0,right_e1,right_s0,right_s1,right_w0,right_w1,right_w2,torso_t0,0.0,-0.101242732,-0.599786488063,1.19688850975,-0.505063174411,-0.50391268882,0.653092320442,0.866315649958,-0.139208756501,0.90658264564,1.60109244736,-0.284169940956,-1.03160207985,-0.48243695779,1.12325743193,-0.207854396758,-12.5659871192,0.0,0.0,-0.0164933614283,-0.0671515429579,-0.0479092879583,0.00431968989788,-0.00196349540813,0.159828526221,-0.00746128255088,0.00667588438763,-0.0204203522445,0.0,0.00510508806113,0.00981747704063,-0.00117809724488,-0.00274889357138,0.0,0.0,0.0,-11.248,-10.916,0.0,-20.572,0.06,-0.328,0.196,10.228,-14.872,0.34,-19.468,-0.032,-0.22,-0.232,-20.48,0,0,/base,/head_1,1.19984005553,0.0616512618989,0.487707246164,0.199814813148,0.621666442814,0.576881071127,0.490727117756,0,0,/base,/neck_1,1.26116183908,0.0125207735492,0.311449937929,0.199814813148,0.621666442814,0.576881071127,0.490727117756,0,0,/base,/torso_1,1.31995299841,-0.0384976677846,0.143871073917,0.195974783886,0.626502969873,0.568815799067,0.495516396856,0,0,/base,/left_shoulder_1,1.20814444158,0.111817072856,0.262626147589,-0.0710076408543,0.77947229803,0.465427239925,0.413229156619,0,0,/base,/left_elbow_1,1.0578848186,0.175304210352,0.0980218668943,-0.0411352846605,0.779630106886,0.479781689453,0.400367725047,0,0,/base,/left_hand_1,0.89452691252,0.252639376256,-0.0623692072895,-0.507826260114,0.52037540413,-0.464935591907,0.505130501646,0,0,/base,/right_shoulder_1,1.31417929784,-0.0867755205661,0.360273732577,0.36591473308,-0.1915076395,0.805776237801,0.424447743218,0,0,/base,/right_elbow_1,1.40814340843,-0.224188816198,0.170208365602,0.547224056305,-0.246310566494,0.687458327783,0.408996313671,0,0,/base,/right_hand_1,1.42424583595,-0.295040662619,-0.0606390453087,-0.507826260114,0.52037540413,-0.464935591907,0.505130501646,0,0,/base,/left_hip_1,1.3418928236,-0.0204974844877,-0.0576441232784,0.520375404128,0.507826260118,0.505130501652,0.464935591899,0,0,/base,/left_knee_1,1.3201560746,-0.00131807203206,-0.426088261628,0.520373344487,0.50782868757,0.505134005396,0.464931439055,0,0,/base,/left_foot_1,1.29925484087,0.0171246617723,-0.780361389693,-0.507826260114,0.52037540413,-0.464935591907,0.505130501646,0,0,/base,/right_hip_1,1.41559549119,-0.158534740573,0.0102285274678,0.180627365091,0.789780943426,0.583590749004,0.0551511927246,0,0,/base,/right_knee_1,1.33394031294,-0.252256868525,-0.337819913492,-0.120163111387,0.72014962863,0.598970231352,-0.328907283288,0,0,/base,/right_foot_1,1.25542577443,-0.342374249039,-0.672481940809,-0.507826260114,0.52037540413,-0.464935591907,0.505130501646,0,0,/base,left_hand,0.8162706903,0.211936478159,0.0956328418969,0.12899920902,0.987130808011,-0.00622295999789,0.0943040121967,0,0,/base,right_hand,0.622620892764,-0.523930567615,0.316594457778,-0.0746110196446,0.995809546103,-0.0242667930567,0.0469858105462
1522314867297145606,19130,1522314867258842945,,205600,1522314867258682012,0,132,51,114,56,121,322,121,315,206127,1522314867243721008,base,-81.0,9030.0,-9276.0,10042.0,0.0,0.0,0.0,0.0,0.0,0.0,0.0,0.0,0.0,-120.0,-67.0,-28.0,0.0,0.0,0.0,0.0,0.0,0.0,0.0,0.0,0.0,-1380.0,-1316.0,881.0,0.0,0.0,0.0,0.0,0.0,0.0,0.0,0.0,0.0,0,0,,0.0,0.0,0.0,0.0,0.0,0.0,0.0,0.0,0.0,0.0,0.0,0.0,0.0,0.0,0.0,0.0,0.0,0.0,0.0,964016,1522314867190453479,,head_nod,head_pan,left_e0,left_e1,left_s0,left_s1,left_w0,left_w1,left_w2,right_e0,right_e1,right_s0,right_s1,right_w0,right_w1,right_w2,torso_t0,0.0,-0.102009722394,-0.60016998326,1.19688850975,-0.506213660002,-0.50391268882,0.653475815639,0.86861662114,-0.140359242092,0.906966140837,1.60109244736,-0.284553436153,-1.03121858466,-0.482053462593,1.12364092713,-0.208237891955,-12.5659871192,0.0,0.0129590696936,-0.00824668071413,-0.0585121631621,-0.0577267649989,0.0117809724488,0.0192422549996,0.0871791961208,-0.0141371669385,-0.00510508806113,0.0145298660201,-0.00392699081625,0.00117809724488,-0.00746128255088,0.0341648201014,-0.00117809724488,0.0,0.0,0.0,-11.28,-10.756,-0.184,-20.604,0.068,-0.252,0.184,10.104,-14.812,0.372,-19.468,-0.024,-0.248,-0.204,-20.48,0,0,/base,/head_1,1.20042844254,0.0620657350687,0.487851056267,0.201881831748,0.621164078666,0.57584668364,0.491731136218,0,0,/base,/neck_1,1.26155324116,0.0126072546152,0.310810126178,0.201881831748,0.621164078666,0.57584668364,0.491731136218,0,0,/base,/torso_1,1.31980507548,-0.039237181263,0.14329665476,0.197631302258,0.626980647576,0.566272236481,0.49716485206,0,0,/base,/left_shoulder_1,1.20909717982,0.112101365196,0.261782408731,-0.0685319001342,0.781461774659,0.462829302521,0.412807352331,0,0,/base,/left_elbow_1,1.05857301744,0.175807525857,0.0976286745341,-0.0360620375035,0.781575041242,0.478366920339,0.398754402966,0,0,/base,/left_hand_1,0.894406550578,0.254371782155,-0.0613246408846,-0.507826260114,0.52037540413,-0.464935591907,0.505130501646,0,0,/base,/right_shoulder_1,1.31400936241,-0.0868868495868,0.359837825117,0.36617607219,-0.19358725262,0.805309505793,0.42416466102,0,0,/base,/right_elbow_1,1.40836318642,-0.224205947526,0.168594271325,0.549690849322,-0.245686769107,0.685638054013,0.409119103131,0,0,/base,/right_hand_1,1.42312982586,-0.294717646834,-0.0628338690711,-0.507826260114,0.52037540413,-0.464935591907,0.505130501646,0,0,/base,/left_hip_1,1.34159585869,-0.0219255080714,-0.0582948713541,0.520375404128,0.507826260117,0.505130501651,0.464935591901,0,0,/base,/left_knee_1,1.3198591097,-0.00274609561578,-0.426739009704,0.520373550452,0.507828444825,0.505133655022,0.464931854341,0,0,/base,/left_foot_1,1.29895800037,0.0156965427413,-0.781012150077,-0.507826260114,0.52037540413,-0.464935591907,0.505130501646,0,0,/base,/right_hip_1,1.41451796109,-0.160237733827,0.00986123762897,0.181728861038,0.788144456644,0.585246463357,0.0573542819316,0,0,/base,/right_knee_1,1.33346089182,-0.252233533075,-0.338783403247,-0.118411480866,0.72061691589,0.601263323602,-0.324302940817,0,0,/base,/right_foot_1,1.25552141985,-0.340690998021,-0.674018718299,-0.507826260114,0.52037540413,-0.464935591907,0.505130501646,0,0,/base,left_hand,0.8162706903,0.211936478159,0.0956328418969,0.12899920902,0.987130808011,-0.00622295999789,0.0943040121967,0,0,/base,right_hand,0.622620892764,-0.523930567615,0.316594457778,-0.0746110196446,0.995809546103,-0.0242667930567,0.0469858105462
1522314867297155960,19131,1522314867280576944,,205600,1522314867258682012,0,132,51,114,56,121,322,121,315,206128,1522314867266258001,base,-96.0,9029.0,-9271.0,10047.0,0.0,0.0,0.0,0.0,0.0,0.0,0.0,0.0,0.0,-86.0,-47.0,-13.0,0.0,0.0,0.0,0.0,0.0,0.0,0.0,0.0,0.0,-1426.0,-1344.0,887.0,0.0,0.0,0.0,0.0,0.0,0.0,0.0,0.0,0.0,0,0,,0.0,0.0,0.0,0.0,0.0,0.0,0.0,0.0,0.0,0.0,0.0,0.0,0.0,0.0,0.0,0.0,0.0,0.0,0.0,964016,1522314867190453479,,head_nod,head_pan,left_e0,left_e1,left_s0,left_s1,left_w0,left_w1,left_w2,right_e0,right_e1,right_s0,right_s1,right_w0,right_w1,right_w2,torso_t0,0.0,-0.102009722394,-0.60016998326,1.19688850975,-0.506213660002,-0.50391268882,0.653475815639,0.86861662114,-0.140359242092,0.906966140837,1.60109244736,-0.284553436153,-1.03121858466,-0.482053462593,1.12364092713,-0.208237891955,-12.5659871192,0.0,0.0129590696936,-0.00824668071413,-0.0585121631621,-0.0577267649989,0.0117809724488,0.0192422549996,0.0871791961208,-0.0141371669385,-0.00510508806113,0.0145298660201,-0.00392699081625,0.00117809724488,-0.00746128255088,0.0341648201014,-0.00117809724488,0.0,0.0,0.0,-11.28,-10.756,-0.184,-20.604,0.068,-0.252,0.184,10.104,-14.812,0.372,-19.468,-0.024,-0.248,-0.204,-20.48,0,0,/base,/head_1,1.20078880795,0.0619423018893,0.487356263993,0.200419070257,0.622850370625,0.576540274324,0.4893780994,0,0,/base,/neck_1,1.2617635956,0.0125473637368,0.310168126171,0.200419070257,0.622850370625,0.576540274324,0.4893780994,0,0,/base,/torso_1,1.32023770146,-0.0394633024742,0.142783146921,0.19513946269,0.628570806288,0.566739401098,0.495606479807,0,0,/base,/left_shoulder_1,1.20868726326,0.111575276237,0.260862502942,-0.0690602096267,0.781330433526,0.464207102805,0.411418529964,0,0,/base,/left_elbow_1,1.05772167775,0.175035967233,0.0971391659049,-0.0358897565152,0.781557952959,0.480021197408,0.396810712535,0,0,/base,/left_hand_1,0.892799469449,0.253534636785,-0.0610679095603,-0.507826260114,0.52037540413,-0.464935591907,0.505130501646,0,0,/base,/right_shoulder_1,1.31483992725,-0.0864805555877,0.359473733781,0.367640347832,-0.189508032805,0.804485933364,0.426297622756,0,0,/base,/right_elbow_1,1.40780209817,-0.225219791702,0.168306835324,0.551228986558,-0.247833701508,0.684437265131,0.407763032747,0,0,/base,/right_hand_1,1.42231615426,-0.294435791503,-0.0640756580433,-0.507826260114,0.52037540413,-0.464935591907,0.505130501646,0,0,/base,/left_hip_1,1.34159585869,-0.0219255080714,-0.0582948713541,0.520375404128,0.507826260117,0.505130501651,0.464935591901,0,0,/base,/left_knee_1,1.3198591097,-0.00274609561578,-0.426739009704,0.520373550452,0.507828444825,0.505133655022,0.464931854341,0,0,/base,/left_foot_1,1.29895800037,0.0156965427413,-0.781012150077,-0.507826260114,0.52037540413,-0.464935591907,0.505130501646,0,0,/base,/right_hip_1,1.41451796109,-0.160237733827,0.00986123762897,0.181728861038,0.788144456644,0.585246463357,0.0573542819316,0,0,/base,/right_knee_1,1.33346089182,-0.252233533075,-0.338783403247,-0.118411480866,0.72061691589,0.601263323602,-0.324302940817,0,0,/base,/right_foot_1,1.25552141985,-0.340690998021,-0.674018718299,-0.507826260114,0.52037540413,-0.464935591907,0.505130501646,0,0,/base,left_hand,0.816479666124,0.210873622306,0.0959600932585,0.129188818321,0.98713794439,-0.00587779037081,0.0939913801725,0,0,/base,right_hand,0.62251930379,-0.52391866141,0.316811800906,-0.0741031028874,0.995873478043,-0.0239196454593,0.0466111192184
1522314867301151364,19292,1522314867260431051,,205600,1522314867258682012,0,132,51,114,56,121,322,121,315,206127,1522314867243721008,base,-81.0,9030.0,-9276.0,10042.0,0.0,0.0,0.0,0.0,0.0,0.0,0.0,0.0,0.0,-120.0,-67.0,-28.0,0.0,0.0,0.0,0.0,0.0,0.0,0.0,0.0,0.0,-1380.0,-1316.0,881.0,0.0,0.0,0.0,0.0,0.0,0.0,0.0,0.0,0.0,0,0,,0.0,0.0,0.0,0.0,0.0,0.0,0.0,0.0,0.0,0.0,0.0,0.0,0.0,0.0,0.0,0.0,0.0,0.0,0.0,964014,1522314867170497670,,head_nod,head_pan,left_e0,left_e1,left_s0,left_s1,left_w0,left_w1,left_w2,right_e0,right_e1,right_s0,right_s1,right_w0,right_w1,right_w2,torso_t0,0.0,-0.101242732,-0.599786488063,1.19688850975,-0.505063174411,-0.50391268882,0.653092320442,0.866315649958,-0.139208756501,0.90658264564,1.60109244736,-0.284169940956,-1.03160207985,-0.48243695779,1.12325743193,-0.207854396758,-12.5659871192,0.0,0.0,-0.0164933614283,-0.0671515429579,-0.0479092879583,0.00431968989788,-0.00196349540813,0.159828526221,-0.00746128255088,0.00667588438763,-0.0204203522445,0.0,0.00510508806113,0.00981747704063,-0.00117809724488,-0.00274889357138,0.0,0.0,0.0,-11.248,-10.916,0.0,-20.572,0.06,-0.328,0.196,10.228,-14.872,0.34,-19.468,-0.032,-0.22,-0.232,-20.48,0,0,/base,/head_1,1.20042844254,0.0620657350687,0.487851056267,0.201881831748,0.621164078666,0.57584668364,0.491731136218,0,0,/base,/neck_1,1.26155324116,0.0126072546152,0.310810126178,0.201881831748,0.621164078666,0.57584668364,0.491731136218,0,0,/base,/torso_1,1.31980507548,-0.039237181263,0.14329665476,0.197631302258,0.626980647576,0.566272236481,0.49716485206,0,0,/base,/left_shoulder_1,1.20909717982,0.112101365196,0.261782408731,-0.0685319001342,0.781461774659,0.462829302521,0.412807352331,0,0,/base,/left_elbow_1,1.05857301744,0.175807525857,0.0976286745341,-0.0360620375035,0.781575041242,0.478366920339,0.398754402966,0,0,/base,/left_hand_1,0.894406550578,0.254371782155,-0.0613246408846,-0.507826260114,0.52037540413,-0.464935591907,0.505130501646,0,0,/base,/right_shoulder_1,1.31400936241,-0.0868868495868,0.359837825117,0.36617607219,-0.19358725262,0.805309505793,0.42416466102,0,0,/base,/right_elbow_1,1.40836318642,-0.224205947526,0.168594271325,0.549690849322,-0.245686769107,0.685638054013,0.409119103131,0,0,/base,/right_hand_1,1.42312982586,-0.294717646834,-0.0628338690711,-0.507826260114,0.52037540413,-0.464935591907,0.505130501646,0,0,/base,/left_hip_1,1.34159585869,-0.0219255080714,-0.0582948713541,0.520375404128,0.507826260117,0.505130501651,0.464935591901,0,0,/base,/left_knee_1,1.3198591097,-0.00274609561578,-0.426739009704,0.520373550452,0.507828444825,0.505133655022,0.464931854341,0,0,/base,/left_foot_1,1.29895800037,0.0156965427413,-0.781012150077,-0.507826260114,0.52037540413,-0.464935591907,0.505130501646,0,0,/base,/right_hip_1,1.41451796109,-0.160237733827,0.00986123762897,0.181728861038,0.788144456644,0.585246463357,0.0573542819316,0,0,/base,/right_knee_1,1.33346089182,-0.252233533075,-0.338783403247,-0.118411480866,0.72061691589,0.601263323602,-0.324302940817,0,0,/base,/right_foot_1,1.25552141985,-0.340690998021,-0.674018718299,-0.507826260114,0.52037540413,-0.464935591907,0.505130501646,0,0,/base,left_hand,0.8162706903,0.211936478159,0.0956328418969,0.12899920902,0.987130808011,-0.00622295999789,0.0943040121967,0,0,/base,right_hand,0.622620892764,-0.523930567615,0.316594457778,-0.0746110196446,0.995809546103,-0.0242667930567,0.0469858105462
1522314867301156889,19293,1522314867283278942,,205601,1522314867281184911,0,129,46,107,53,118,321,123,248,206128,1522314867266258001,base,-96.0,9029.0,-9271.0,10047.0,0.0,0.0,0.0,0.0,0.0,0.0,0.0,0.0,0.0,-86.0,-47.0,-13.0,0.0,0.0,0.0,0.0,0.0,0.0,0.0,0.0,0.0,-1426.0,-1344.0,887.0,0.0,0.0,0.0,0.0,0.0,0.0,0.0,0.0,0.0,0,0,,0.0,0.0,0.0,0.0,0.0,0.0,0.0,0.0,0.0,0.0,0.0,0.0,0.0,0.0,0.0,0.0,0.0,0.0,0.0,964018,1522314867210499181,,head_nod,head_pan,left_e0,left_e1,left_s0,left_s1,left_w0,left_w1,left_w2,right_e0,right_e1,right_s0,right_s1,right_w0,right_w1,right_w2,torso_t0,0.0,-0.102009722394,-0.599786488063,1.19535452896,-0.506213660002,-0.504296184017,0.653475815639,0.869000116337,-0.139975746895,0.907733131231,1.60032545696,-0.28493693135,-1.03121858466,-0.48243695779,1.12402442232,-0.207854396758,-12.5659871192,0.0,-0.003141592653,0.0263108384689,-0.03141592653,-0.0270962366321,0.00431968989788,-0.006283185306,0.0514435796929,-0.00824668071413,0.0204203522445,-0.000392699081625,-0.00863937979575,-0.00549778714275,0.0121736715304,-0.00589048622438,-0.0102101761223,0.0,0.0,0.0,-11.184,-10.696,-0.152,-20.704,0.04,-0.268,0.184,10.26,-14.784,0.34,-19.408,-0.024,-0.22,-0.212,-20.48,0,0,/base,/head_1,1.20078880795,0.0619423018893,0.487356263993,0.200419070257,0.622850370625,0.576540274324,0.4893780994,0,0,/base,/neck_1,1.2617635956,0.0125473637368,0.310168126171,0.200419070257,0.622850370625,0.576540274324,0.4893780994,0,0,/base,/torso_1,1.32023770146,-0.0394633024742,0.142783146921,0.19513946269,0.628570806288,0.566739401098,0.495606479807,0,0,/base,/left_shoulder_1,1.20868726326,0.111575276237,0.260862502942,-0.0690602096267,0.781330433526,0.464207102805,0.411418529964,0,0,/base,/left_elbow_1,1.05772167775,0.175035967233,0.0971391659049,-0.0358897565152,0.781557952959,0.480021197408,0.396810712535,0,0,/base,/left_hand_1,0.892799469449,0.253534636785,-0.0610679095603,-0.507826260114,0.52037540413,-0.464935591907,0.505130501646,0,0,/base,/right_shoulder_1,1.31483992725,-0.0864805555877,0.359473733781,0.367640347832,-0.189508032805,0.804485933364,0.426297622756,0,0,/base,/right_elbow_1,1.40780209817,-0.225219791702,0.168306835324,0.551228986558,-0.247833701508,0.684437265131,0.407763032747,0,0,/base,/right_hand_1,1.42312982586,-0.294717646834,-0.0628338690711,-0.507826260114,0.52037540413,-0.464935591907,0.505130501646,0,0,/base,/left_hip_1,1.34159585869,-0.0219255080714,-0.0582948713541,0.520375404128,0.507826260117,0.505130501651,0.464935591901,0,0,/base,/left_knee_1,1.3198591097,-0.00274609561578,-0.426739009704,0.520373550452,0.507828444825,0.505133655022,0.464931854341,0,0,/base,/left_foot_1,1.29895800037,0.0156965427413,-0.781012150077,-0.507826260114,0.52037540413,-0.464935591907,0.505130501646,0,0,/base,/right_hip_1,1.41451796109,-0.160237733827,0.00986123762897,0.181728861038,0.788144456644,0.585246463357,0.0573542819316,0,0,/base,/right_knee_1,1.33346089182,-0.252233533075,-0.338783403247,-0.118411480866,0.72061691589,0.601263323602,-0.324302940817,0,0,/base,/right_foot_1,1.25552141985,-0.340690998021,-0.674018718299,-0.507826260114,0.52037540413,-0.464935591907,0.505130501646,0,0,/base,left_hand,0.816479666124,0.210873622306,0.0959600932585,0.129188818321,0.98713794439,-0.00587779037081,0.0939913801725,0,0,/base,right_hand,0.62251930379,-0.52391866141,0.316811800906,-0.0741031028874,0.995873478043,-0.0239196454593,0.0466111192184
1522314867337175425,19132,1522314867296272993,,205602,1522314867296169042,0,118,46,92,51,121,327,118,231,206129,1522314867288687944,base,-98.0,9026.0,-9272.0,10049.0,0.0,0.0,0.0,0.0,0.0,0.0,0.0,0.0,0.0,7.0,-27.0,-7.0,0.0,0.0,0.0,0.0,0.0,0.0,0.0,0.0,0.0,-1431.0,-1341.0,839.0,0.0,0.0,0.0,0.0,0.0,0.0,0.0,0.0,0.0,0,0,,0.0,0.0,0.0,0.0,0.0,0.0,0.0,0.0,0.0,0.0,0.0,0.0,0.0,0.0,0.0,0.0,0.0,0.0,0.0,964020,1522314867230498132,,head_nod,head_pan,left_e0,left_e1,left_s0,left_s1,left_w0,left_w1,left_w2,right_e0,right_e1,right_s0,right_s1,right_w0,right_w1,right_w2,torso_t0,0.0,-0.101242732,-0.60016998326,1.19535452896,-0.50774764079,-0.503529193623,0.653092320442,0.869767106731,-0.140359242092,0.906199150443,1.60070895216,-0.284553436153,-1.03121858466,-0.482053462593,1.12287393673,-0.207854396758,-12.5659871192,0.0,0.00903207887738,0.0109955742855,-0.0121736715304,-0.0215984494894,0.003141592653,-0.00824668071413,0.00510508806113,0.00589048622438,0.00353429173463,-0.0047123889795,-0.00510508806113,-0.00235619448975,-0.0106028752039,-0.00431968989788,0.00117809724488,0.0,0.0,0.0,-11.152,-10.884,-0.216,-20.736,0.024,-0.356,0.168,10.196,-14.812,0.34,-19.436,-0.024,-0.188,-0.24,-20.48,0,0,/base,/head_1,1.20078880795,0.0619423018893,0.487356263993,0.200419070257,0.622850370625,0.576540274324,0.4893780994,0,0,/base,/neck_1,1.2617635956,0.0125473637368,0.310168126171,0.200419070257,0.622850370625,0.576540274324,0.4893780994,0,0,/base,/torso_1,1.32023770146,-0.0394633024742,0.142783146921,0.19513946269,0.628570806288,0.566739401098,0.495606479807,0,0,/base,/left_shoulder_1,1.20868726326,0.111575276237,0.260862502942,-0.0690602096267,0.781330433526,0.464207102805,0.411418529964,0,0,/base,/left_elbow_1,1.05772167775,0.175035967233,0.0971391659049,-0.0358897565152,0.781557952959,0.480021197408,0.396810712535,0,0,/base,/left_hand_1,0.892799469449,0.253534636785,-0.0610679095603,-0.507826260114,0.52037540413,-0.464935591907,0.505130501646,0,0,/base,/right_shoulder_1,1.31483992725,-0.0864805555877,0.359473733781,0.367640347832,-0.189508032805,0.804485933364,0.426297622756,0,0,/base,/right_elbow_1,1.40780209817,-0.225219791702,0.168306835324,0.551228986558,-0.247833701508,0.684437265131,0.407763032747,0,0,/base,/right_hand_1,1.42231615426,-0.294435791503,-0.0640756580433,-0.507826260114,0.52037540413,-0.464935591907,0.505130501646,0,0,/base,/left_hip_1,1.34181964174,-0.0226418830872,-0.0588730524072,0.520375404129,0.507826260116,0.50513050165,0.464935591902,0,0,/base,/left_knee_1,1.32008289274,-0.00346247063155,-0.427317190757,0.520373735821,0.507828226354,0.505133339685,0.464932228098,0,0,/base,/left_foot_1,1.2991817858,0.0149800763351,-0.781590336028,-0.507826260114,0.52037540413,-0.464935591907,0.505130501646,0,0,/base,/right_hip_1,1.41560397377,-0.160306055075,0.00966940296022,0.180703974517,0.787764954106,0.586386577887,0.0540669210377,0,0,/base,/right_knee_1,1.33381773296,-0.25158949497,-0.338994090636,-0.115391502167,0.721123974375,0.602650853096,-0.321678354994,0,0,/base,/right_foot_1,1.25517708406,-0.339361985171,-0.674247585533,-0.507826260114,0.52037540413,-0.464935591907,0.505130501646,0,0,/base,left_hand,0.815985712149,0.210209989591,0.0957933321763,0.129440149559,0.987179398473,-0.00608798876047,0.093193450977,0,0,/base,right_hand,0.622636988344,-0.524308579036,0.31649205686,-0.0741044176488,0.995842905011,-0.0240572800905,0.0471878278731
1522314867337186661,19133,1522314867318900108,,205603,1522314867318727016,0,106,47,92,50,113,324,118,248,206130,1522314867303672075,base,-95.0,9019.0,-9276.0,10052.0,0.0,0.0,0.0,0.0,0.0,0.0,0.0,0.0,0.0,40.0,-27.0,-11.0,0.0,0.0,0.0,0.0,0.0,0.0,0.0,0.0,0.0,-1400.0,-1279.0,806.0,0.0,0.0,0.0,0.0,0.0,0.0,0.0,0.0,0.0,0,0,,0.0,0.0,0.0,0.0,0.0,0.0,0.0,0.0,0.0,0.0,0.0,0.0,0.0,0.0,0.0,0.0,0.0,0.0,0.0,964021,1522314867240454312,,head_nod,head_pan,left_e0,left_e1,left_s0,left_s1,left_w0,left_w1,left_w2,right_e0,right_e1,right_s0,right_s1,right_w0,right_w1,right_w2,torso_t0,0.0,-0.101242732,-0.599402992866,1.19535452896,-0.506980650396,-0.503529193623,0.653092320442,0.869767106731,-0.139208756501,0.90658264564,1.60070895216,-0.284169940956,-1.03121858466,-0.482053462593,1.12402442232,-0.208621387152,-12.5659871192,0.0,0.00117809724488,-0.0078539816325,0.00706858346925,-0.0164933614283,0.0325940237749,0.00746128255088,0.0117809724488,-0.00431968989788,-0.0106028752039,0.00667588438763,-0.00117809724488,0.0145298660201,-0.0133517687753,-0.0180641577548,0.00392699081625,0.0,0.0,0.0,-11.184,-10.98,-0.152,-20.8,0.032,-0.376,0.204,10.292,-14.752,0.436,-19.408,-0.024,-0.18,-0.24,-20.48,0,0,/base,/head_1,1.20068648524,0.0615255505863,0.489208880744,0.202906042008,0.621226792449,0.575949177821,0.491109921532,0,0,/base,/neck_1,1.26158248055,0.0121585585877,0.31156964224,0.202906042008,0.621226792449,0.575949177821,0.491109921532,0,0,/base,/torso_1,1.32014867659,-0.0396648031396,0.144158219073,0.197057175539,0.62654363683,0.566523289009,0.497657416027,0,0,/base,/left_shoulder_1,1.20919053586,0.111643386617,0.262451341088,-0.0702290017943,0.781740521678,0.462435994594,0.412434958481,0,0,/base,/left_elbow_1,1.05852992668,0.174614157101,0.0979153774192,-0.03394402031,0.782279345261,0.4799888591,0.395597680229,0,0,/base,/left_hand_1,0.893076165302,0.253548982295,-0.0595208110835,-0.507826260114,0.52037540413,-0.464935591907,0.505130501646,0,0,/base,/right_shoulder_1,1.3139744256,-0.08732626603,0.360687951203,0.366190225199,-0.191659734094,0.803571387029,0.428303970614,0,0,/base,/right_elbow_1,1.40641301152,-0.226135237058,0.170021250503,0.548467724632,-0.251464836428,0.684207685501,0.40964427761,0,0,/base,/right_hand_1,1.42164744861,-0.295260815922,-0.0622128388122,-0.507826260114,0.52037540413,-0.464935591907,0.505130501646,0,0,/base,/left_hip_1,1.34229834247,-0.0223385010252,-0.0573942125052,0.520375404129,0.507826260116,0.505130501649,0.464935591903,0,0,/base,/left_knee_1,1.32056159347,-0.00315908856961,-0.425838350855,0.520373902653,0.507828029731,0.505133055881,0.46493256448,0,0,/base,/left_foot_1,1.29966048872,0.0152833746225,-0.780111500616,-0.507826260114,0.52037540413,-0.464935591907,0.505130501646,0,0,/base,/right_hip_1,1.41513140349,-0.160637821885,0.0108878199365,0.181630962387,0.786626591688,0.58734244446,0.0570758415318,0,0,/base,/right_knee_1,1.33430288296,-0.250843542566,-0.338278400329,-0.120119460316,0.71881291725,0.602936413595,-0.324572004968,0,0,/base,/right_foot_1,1.25658302225,-0.337579763463,-0.67401508565,-0.507826260114,0.52037540413,-0.464935591907,0.505130501646,0,0,/base,left_hand,0.815985712149,0.210209989591,0.0957933321763,0.129440149559,0.987179398473,-0.00608798876047,0.093193450977,0,0,/base,right_hand,0.622636988344,-0.524308579036,0.31649205686,-0.0741044176488,0.995842905011,-0.0240572800905,0.0471878278731
1522314867341212005,19294,1522314867302439928,,205602,1522314867296169042,0,118,46,92,51,121,327,118,231,206129,1522314867288687944,base,-98.0,9026.0,-9272.0,10049.0,0.0,0.0,0.0,0.0,0.0,0.0,0.0,0.0,0.0,7.0,-27.0,-7.0,0.0,0.0,0.0,0.0,0.0,0.0,0.0,0.0,0.0,-1431.0,-1341.0,839.0,0.0,0.0,0.0,0.0,0.0,0.0,0.0,0.0,0.0,0,0,,0.0,0.0,0.0,0.0,0.0,0.0,0.0,0.0,0.0,0.0,0.0,0.0,0.0,0.0,0.0,0.0,0.0,0.0,0.0,964019,1522314867220467784,,head_nod,head_pan,left_e0,left_e1,left_s0,left_s1,left_w0,left_w1,left_w2,right_e0,right_e1,right_s0,right_s1,right_w0,right_w1,right_w2,torso_t0,0.0,-0.100859236803,-0.599019497669,1.19535452896,-0.50774764079,-0.504296184017,0.653475815639,0.869383611534,-0.139975746895,0.907349636034,1.60070895216,-0.284169940956,-1.03160207985,-0.481286472199,1.12364092713,-0.208237891955,-12.5659871192,0.0,-0.0129590696936,0.0117809724488,-0.0333794219381,-0.015707963265,0.00078539816325,0.0047123889795,0.0451603943869,0.0164933614283,0.0129590696936,-0.009424777959,0.00589048622438,0.0129590696936,0.00117809724488,-0.00981747704063,0.00431968989788,0.0,0.0,0.0,-11.312,-10.788,-0.184,-20.736,0.052,-0.32,0.196,10.196,-14.812,0.436,-19.408,-0.024,-0.2,-0.232,-20.48,0,0,/base,/head_1,1.20078880795,0.0619423018893,0.487356263993,0.200419070257,0.622850370625,0.576540274324,0.4893780994,0,0,/base,/neck_1,1.2617635956,0.0125473637368,0.310168126171,0.200419070257,0.622850370625,0.576540274324,0.4893780994,0,0,/base,/torso_1,1.32023770146,-0.0394633024742,0.142783146921,0.19513946269,0.628570806288,0.566739401098,0.495606479807,0,0,/base,/left_shoulder_1,1.20868726326,0.111575276237,0.260862502942,-0.0690602096267,0.781330433526,0.464207102805,0.411418529964,0,0,/base,/left_elbow_1,1.05772167775,0.175035967233,0.0971391659049,-0.0358897565152,0.781557952959,0.480021197408,0.396810712535,0,0,/base,/left_hand_1,0.892799469449,0.253534636785,-0.0610679095603,-0.507826260114,0.52037540413,-0.464935591907,0.505130501646,0,0,/base,/right_shoulder_1,1.31483992725,-0.0864805555877,0.359473733781,0.367640347832,-0.189508032805,0.804485933364,0.426297622756,0,0,/base,/right_elbow_1,1.40780209817,-0.225219791702,0.168306835324,0.551228986558,-0.247833701508,0.684437265131,0.407763032747,0,0,/base,/right_hand_1,1.42231615426,-0.294435791503,-0.0640756580433,-0.507826260114,0.52037540413,-0.464935591907,0.505130501646,0,0,/base,/left_hip_1,1.34181964174,-0.0226418830872,-0.0588730524072,0.520375404129,0.507826260116,0.50513050165,0.464935591902,0,0,/base,/left_knee_1,1.32008289274,-0.00346247063155,-0.427317190757,0.520373735821,0.507828226354,0.505133339685,0.464932228098,0,0,/base,/left_foot_1,1.2991817858,0.0149800763351,-0.781590336028,-0.507826260114,0.52037540413,-0.464935591907,0.505130501646,0,0,/base,/right_hip_1,1.41560397377,-0.160306055075,0.00966940296022,0.180703974517,0.787764954106,0.586386577887,0.0540669210377,0,0,/base,/right_knee_1,1.33381773296,-0.25158949497,-0.338994090636,-0.115391502167,0.721123974375,0.602650853096,-0.321678354994,0,0,/base,/right_foot_1,1.25517708406,-0.339361985171,-0.674247585533,-0.507826260114,0.52037540413,-0.464935591907,0.505130501646,0,0,/base,left_hand,0.815985712149,0.210209989591,0.0957933321763,0.129440149559,0.987179398473,-0.00608798876047,0.093193450977,0,0,/base,right_hand,0.622636988344,-0.524308579036,0.31649205686,-0.0741044176488,0.995842905011,-0.0240572800905,0.0471878278731
1522314867341237933,19295,1522314867322854042,,205603,1522314867318727016,0,106,47,92,50,113,324,118,248,206130,1522314867303672075,base,-95.0,9019.0,-9276.0,10052.0,0.0,0.0,0.0,0.0,0.0,0.0,0.0,0.0,0.0,40.0,-27.0,-11.0,0.0,0.0,0.0,0.0,0.0,0.0,0.0,0.0,0.0,-1400.0,-1279.0,806.0,0.0,0.0,0.0,0.0,0.0,0.0,0.0,0.0,0.0,0,0,,0.0,0.0,0.0,0.0,0.0,0.0,0.0,0.0,0.0,0.0,0.0,0.0,0.0,0.0,0.0,0.0,0.0,0.0,0.0,964022,1522314867250496947,,head_nod,head_pan,left_e0,left_e1,left_s0,left_s1,left_w0,left_w1,left_w2,right_e0,right_e1,right_s0,right_s1,right_w0,right_w1,right_w2,torso_t0,0.0,-0.101626227197,-0.598636002472,1.19420404337,-0.50774764079,-0.503529193623,0.652708825245,0.870534097125,-0.139975746895,0.906966140837,1.60070895216,-0.284169940956,-1.03121858466,-0.48243695779,1.12364092713,-0.208621387152,-12.5659871192,0.0,0.0015707963265,-0.00274889357138,-0.00274889357138,-0.00117809724488,0.00274889357138,-0.00510508806113,0.0141371669385,0.003141592653,-0.021991148571,0.00863937979575,-0.0133517687753,0.0106028752039,-0.0137444678569,-0.00196349540813,-0.0204203522445,0.0,0.0,0.0,-11.248,-10.948,-0.152,-20.9,0.016,-0.356,0.168,10.228,-14.724,0.28,-19.408,-0.008,-0.188,-0.212,-20.48,0,0,/base,/head_1,1.20068648524,0.0615255505863,0.489208880744,0.202906042008,0.621226792449,0.575949177821,0.491109921532,0,0,/base,/neck_1,1.26158248055,0.0121585585877,0.31156964224,0.202906042008,0.621226792449,0.575949177821,0.491109921532,0,0,/base,/torso_1,1.32014867659,-0.0396648031396,0.144158219073,0.197057175539,0.62654363683,0.566523289009,0.497657416027,0,0,/base,/left_shoulder_1,1.20919053586,0.111643386617,0.262451341088,-0.0702290017943,0.781740521678,0.462435994594,0.412434958481,0,0,/base,/left_elbow_1,1.05852992668,0.174614157101,0.0979153774192,-0.03394402031,0.782279345261,0.4799888591,0.395597680229,0,0,/base,/left_hand_1,0.893076165302,0.253548982295,-0.0595208110835,-0.507826260114,0.52037540413,-0.464935591907,0.505130501646,0,0,/base,/right_shoulder_1,1.3139744256,-0.08732626603,0.360687951203,0.366190225199,-0.191659734094,0.803571387029,0.428303970614,0,0,/base,/right_elbow_1,1.40641301152,-0.226135237058,0.170021250503,0.548467724632,-0.251464836428,0.684207685501,0.40964427761,0,0,/base,/right_hand_1,1.42164744861,-0.295260815922,-0.0622128388122,-0.507826260114,0.52037540413,-0.464935591907,0.505130501646,0,0,/base,/left_hip_1,1.34229834247,-0.0223385010252,-0.0573942125052,0.520375404129,0.507826260116,0.505130501649,0.464935591903,0,0,/base,/left_knee_1,1.32056159347,-0.00315908856961,-0.425838350855,0.520373902653,0.507828029731,0.505133055881,0.46493256448,0,0,/base,/left_foot_1,1.29966048872,0.0152833746225,-0.780111500616,-0.507826260114,0.52037540413,-0.464935591907,0.505130501646,0,0,/base,/right_hip_1,1.41513140349,-0.160637821885,0.0108878199365,0.181630962387,0.786626591688,0.58734244446,0.0570758415318,0,0,/base,/right_knee_1,1.33430288296,-0.250843542566,-0.338278400329,-0.120119460316,0.71881291725,0.602936413595,-0.324572004968,0,0,/base,/right_foot_1,1.25658302225,-0.337579763463,-0.67401508565,-0.507826260114,0.52037540413,-0.464935591907,0.505130501646,0,0,/base,left_hand,0.816048416798,0.21125576215,0.0954910303147,0.129188247193,0.987227481886,-0.00574436846683,0.0930553492675,0,0,/base,right_hand,0.62252998146,-0.524016824042,0.316610954075,-0.0744895213667,0.995833368097,-0.024058952241,0.0467801347646
1522314867377247661,19134,1522314867338054895,,205603,1522314867318727016,0,106,47,92,50,113,324,118,248,206131,1522314867326304912,base,-98.0,9018.0,-9274.0,10054.0,0.0,0.0,0.0,0.0,0.0,0.0,0.0,0.0,0.0,-16.0,-21.0,2.0,0.0,0.0,0.0,0.0,0.0,0.0,0.0,0.0,0.0,-1388.0,-1298.0,821.0,0.0,0.0,0.0,0.0,0.0,0.0,0.0,0.0,0.0,0,0,,0.0,0.0,0.0,0.0,0.0,0.0,0.0,0.0,0.0,0.0,0.0,0.0,0.0,0.0,0.0,0.0,0.0,0.0,0.0,964024,1522314867270498486,,head_nod,head_pan,left_e0,left_e1,left_s0,left_s1,left_w0,left_w1,left_w2,right_e0,right_e1,right_s0,right_s1,right_w0,right_w1,right_w2,torso_t0,0.0,-0.100859236803,-0.598636002472,1.19535452896,-0.507364145593,-0.503529193623,0.652708825245,0.869767106731,-0.139975746895,0.90658264564,1.60070895216,-0.28493693135,-1.03121858466,-0.481669967396,1.12402442232,-0.208237891955,-12.5659871192,0.0,-0.000392699081625,0.0,-0.00117809724488,-0.00549778714275,0.006283185306,-0.00510508806113,-0.0239546439791,-0.0117809724488,0.0145298660201,-0.0161006623466,0.00353429173463,-0.00274889357138,0.0149225651018,-0.00353429173463,0.00824668071413,0.0,0.0,0.0,-11.28,-10.98,-0.248,-20.9,0.04,-0.336,0.168,10.228,-14.724,0.34,-19.436,0.0,-0.2,-0.24,-20.48,0,0,/base,/head_1,1.20068648524,0.0615255505863,0.489208880744,0.202906042008,0.621226792449,0.575949177821,0.491109921532,0,0,/base,/neck_1,1.26158248055,0.0121585585877,0.31156964224,0.202906042008,0.621226792449,0.575949177821,0.491109921532,0,0,/base,/torso_1,1.32014867659,-0.0396648031396,0.144158219073,0.197057175539,0.62654363683,0.566523289009,0.497657416027,0,0,/base,/left_shoulder_1,1.20919053586,0.111643386617,0.262451341088,-0.0702290017943,0.781740521678,0.462435994594,0.412434958481,0,0,/base,/left_elbow_1,1.05852992668,0.174614157101,0.0979153774192,-0.03394402031,0.782279345261,0.4799888591,0.395597680229,0,0,/base,/left_hand_1,0.893076165302,0.253548982295,-0.0595208110835,-0.507826260114,0.52037540413,-0.464935591907,0.505130501646,0,0,/base,/right_shoulder_1,1.3139744256,-0.08732626603,0.360687951203,0.366190225199,-0.191659734094,0.803571387029,0.428303970614,0,0,/base,/right_elbow_1,1.40641301152,-0.226135237058,0.170021250503,0.548467724632,-0.251464836428,0.684207685501,0.40964427761,0,0,/base,/right_hand_1,1.42164744861,-0.295260815922,-0.0622128388122,-0.507826260114,0.52037540413,-0.464935591907,0.505130501646,0,0,/base,/left_hip_1,1.34229834247,-0.0223385010252,-0.0573942125052,0.520375404129,0.507826260116,0.505130501649,0.464935591903,0,0,/base,/left_knee_1,1.32056159347,-0.00315908856961,-0.425838350855,0.520373902653,0.507828029731,0.505133055881,0.46493256448,0,0,/base,/left_foot_1,1.29966048872,0.0152833746225,-0.780111500616,-0.507826260114,0.52037540413,-0.464935591907,0.505130501646,0,0,/base,/right_hip_1,1.41513140349,-0.160637821885,0.0108878199365,0.181630962387,0.786626591688,0.58734244446,0.0570758415318,0,0,/base,/right_knee_1,1.33430288296,-0.250843542566,-0.338278400329,-0.120119460316,0.71881291725,0.602936413595,-0.324572004968,0,0,/base,/right_foot_1,1.25658302225,-0.337579763463,-0.67401508565,-0.507826260114,0.52037540413,-0.464935591907,0.505130501646,0,0,/base,left_hand,0.816048416798,0.21125576215,0.0954910303147,0.129188247193,0.987227481886,-0.00574436846683,0.0930553492675,0,0,/base,right_hand,0.62252998146,-0.524016824042,0.316610954075,-0.0744895213667,0.995833368097,-0.024058952241,0.0467801347646
1522314867377258905,19135,1522314867358089923,,205605,1522314867356213092,0,94,40,94,43,87,280,99,231,206132,1522314867348927974,base,-107.0,9019.0,-9271.0,10056.0,0.0,0.0,0.0,0.0,0.0,0.0,0.0,0.0,0.0,-49.0,-15.0,-5.0,0.0,0.0,0.0,0.0,0.0,0.0,0.0,0.0,0.0,-1408.0,-1360.0,871.0,0.0,0.0,0.0,0.0,0.0,0.0,0.0,0.0,0.0,0,0,,0.0,0.0,0.0,0.0,0.0,0.0,0.0,0.0,0.0,0.0,0.0,0.0,0.0,0.0,0.0,0.0,0.0,0.0,0.0,964026,1522314867290454590,,head_nod,head_pan,left_e0,left_e1,left_s0,left_s1,left_w0,left_w1,left_w2,right_e0,right_e1,right_s0,right_s1,right_w0,right_w1,right_w2,torso_t0,0.0,-0.101242732,-0.598636002472,1.19573802416,-0.506980650396,-0.503145698426,0.653859310836,0.869767106731,-0.139975746895,0.90658264564,1.59994196176,-0.284553436153,-1.03160207985,-0.482053462593,1.12287393673,-0.208621387152,-12.5659871192,0.0,-0.00196349540813,-0.0176714586731,0.015707963265,0.0121736715304,-0.00196349540813,0.00981747704063,-0.0200276531629,-0.00706858346925,-0.0172787595915,0.0047123889795,-0.00863937979575,0.0168860605099,-0.00589048622438,-0.0109955742855,0.0215984494894,0.0,0.0,0.0,-11.312,-10.948,-0.496,-20.964,0.032,-0.336,0.176,10.168,-14.724,0.308,-19.468,-0.024,-0.18,-0.232,-20.48,0,0,/base,/head_1,1.20184953315,0.0606897013565,0.490242833751,0.202914024644,0.621553266533,0.575899703062,0.490751431458,0,0,/base,/neck_1,1.26265327399,0.0112815143625,0.312496070796,0.202914024644,0.621553266533,0.575899703062,0.490751431458,0,0,/base,/torso_1,1.32016930888,-0.040210146455,0.144618825054,0.199409602766,0.627462602144,0.566492291319,0.495593560402,0,0,/base,/left_shoulder_1,1.20998704836,0.110882496274,0.263908751823,-0.0696888805235,0.781197245488,0.462563275272,0.413412070389,0,0,/base,/left_elbow_1,1.05964967303,0.174307143728,0.0992170996817,-0.0343346285339,0.782291139848,0.480085475608,0.395423370464,0,0,/base,/left_hand_1,0.89414006585,0.25307311706,-0.05824967019,-0.507826260114,0.52037540413,-0.464935591907,0.505130501646,0,0,/base,/right_shoulder_1,1.31531949952,-0.0883194637409,0.361083389974,0.367044289485,-0.190885419689,0.803753312924,0.4275767277,0,0,/base,/right_elbow_1,1.40718686518,-0.226079163828,0.171448620424,0.548670143342,-0.249229185869,0.685612598904,0.408388602853,0,0,/base,/right_hand_1,1.42280380568,-0.295599556807,-0.0605052185027,-0.507826260114,0.52037540413,-0.464935591907,0.505130501646,0,0,/base,/left_hip_1,1.34107824748,-0.0224713930699,-0.0570303774029,0.520375404129,0.507826260115,0.505130501648,0.464935591904,0,0,/base,/left_knee_1,1.31934149849,-0.00329198061423,-0.425474515753,0.520374052801,0.50782785277,0.505132800458,0.464932867223,0,0,/base,/left_foot_1,1.29844051735,0.0151504175941,-0.779747676189,-0.507826260114,0.52037540413,-0.464935591907,0.505130501646,0,0,/base,/right_hip_1,1.41429244026,-0.160932229091,0.010513535617,0.179983552806,0.785729994259,0.589036814144,0.0571832879846,0,0,/base,/right_knee_1,1.3346595261,-0.250104759643,-0.339191401152,-0.124086675277,0.717154053379,0.603291814277,-0.326085184527,0,0,/base,/right_foot_1,1.25808955405,-0.335847489561,-0.675445999123,-0.507826260114,0.52037540413,-0.464935591907,0.505130501646,0,0,/base,left_hand,0.815747240175,0.211711704033,0.0950974385878,0.129250811027,0.987258609525,-0.00518053344709,0.0926705338326,0,0,/base,right_hand,0.622968745576,-0.52432796923,0.316987645994,-0.0744925577801,0.995784170708,-0.0243148485135,0.0476815723825
1522314867381165178,19296,1522314867340990066,,205603,1522314867318727016,0,106,47,92,50,113,324,118,248,206131,1522314867326304912,base,-98.0,9018.0,-9274.0,10054.0,0.0,0.0,0.0,0.0,0.0,0.0,0.0,0.0,0.0,-16.0,-21.0,2.0,0.0,0.0,0.0,0.0,0.0,0.0,0.0,0.0,0.0,-1388.0,-1298.0,821.0,0.0,0.0,0.0,0.0,0.0,0.0,0.0,0.0,0.0,0,0,,0.0,0.0,0.0,0.0,0.0,0.0,0.0,0.0,0.0,0.0,0.0,0.0,0.0,0.0,0.0,0.0,0.0,0.0,0.0,964024,1522314867270498486,,head_nod,head_pan,left_e0,left_e1,left_s0,left_s1,left_w0,left_w1,left_w2,right_e0,right_e1,right_s0,right_s1,right_w0,right_w1,right_w2,torso_t0,0.0,-0.100859236803,-0.598636002472,1.19535452896,-0.507364145593,-0.503529193623,0.652708825245,0.869767106731,-0.139975746895,0.90658264564,1.60070895216,-0.28493693135,-1.03121858466,-0.481669967396,1.12402442232,-0.208237891955,-12.5659871192,0.0,-0.000392699081625,0.0,-0.00117809724488,-0.00549778714275,0.006283185306,-0.00510508806113,-0.0239546439791,-0.0117809724488,0.0145298660201,-0.0161006623466,0.00353429173463,-0.00274889357138,0.0149225651018,-0.00353429173463,0.00824668071413,0.0,0.0,0.0,-11.28,-10.98,-0.248,-20.9,0.04,-0.336,0.168,10.228,-14.724,0.34,-19.436,0.0,-0.2,-0.24,-20.48,0,0,/base,/head_1,1.20068648524,0.0615255505863,0.489208880744,0.202906042008,0.621226792449,0.575949177821,0.491109921532,0,0,/base,/neck_1,1.26158248055,0.0121585585877,0.31156964224,0.202906042008,0.621226792449,0.575949177821,0.491109921532,0,0,/base,/torso_1,1.32014867659,-0.0396648031396,0.144158219073,0.197057175539,0.62654363683,0.566523289009,0.497657416027,0,0,/base,/left_shoulder_1,1.20919053586,0.111643386617,0.262451341088,-0.0702290017943,0.781740521678,0.462435994594,0.412434958481,0,0,/base,/left_elbow_1,1.05852992668,0.174614157101,0.0979153774192,-0.03394402031,0.782279345261,0.4799888591,0.395597680229,0,0,/base,/left_hand_1,0.893076165302,0.253548982295,-0.0595208110835,-0.507826260114,0.52037540413,-0.464935591907,0.505130501646,0,0,/base,/right_shoulder_1,1.3139744256,-0.08732626603,0.360687951203,0.366190225199,-0.191659734094,0.803571387029,0.428303970614,0,0,/base,/right_elbow_1,1.40641301152,-0.226135237058,0.170021250503,0.548467724632,-0.251464836428,0.684207685501,0.40964427761,0,0,/base,/right_hand_1,1.42164744861,-0.295260815922,-0.0622128388122,-0.507826260114,0.52037540413,-0.464935591907,0.505130501646,0,0,/base,/left_hip_1,1.34229834247,-0.0223385010252,-0.0573942125052,0.520375404129,0.507826260116,0.505130501649,0.464935591903,0,0,/base,/left_knee_1,1.32056159347,-0.00315908856961,-0.425838350855,0.520373902653,0.507828029731,0.505133055881,0.46493256448,0,0,/base,/left_foot_1,1.29966048872,0.0152833746225,-0.780111500616,-0.507826260114,0.52037540413,-0.464935591907,0.505130501646,0,0,/base,/right_hip_1,1.41513140349,-0.160637821885,0.0108878199365,0.181630962387,0.786626591688,0.58734244446,0.0570758415318,0,0,/base,/right_knee_1,1.33430288296,-0.250843542566,-0.338278400329,-0.120119460316,0.71881291725,0.602936413595,-0.324572004968,0,0,/base,/right_foot_1,1.25658302225,-0.337579763463,-0.67401508565,-0.507826260114,0.52037540413,-0.464935591907,0.505130501646,0,0,/base,left_hand,0.816048416798,0.21125576215,0.0954910303147,0.129188247193,0.987227481886,-0.00574436846683,0.0930553492675,0,0,/base,right_hand,0.62252998146,-0.524016824042,0.316610954075,-0.0744895213667,0.995833368097,-0.024058952241,0.0467801347646
1522314867381193311,19297,1522314867363152027,,205605,1522314867356213092,0,94,40,94,43,87,280,99,231,206132,1522314867348927974,base,-107.0,9019.0,-9271.0,10056.0,0.0,0.0,0.0,0.0,0.0,0.0,0.0,0.0,0.0,-49.0,-15.0,-5.0,0.0,0.0,0.0,0.0,0.0,0.0,0.0,0.0,0.0,-1408.0,-1360.0,871.0,0.0,0.0,0.0,0.0,0.0,0.0,0.0,0.0,0.0,0,0,,0.0,0.0,0.0,0.0,0.0,0.0,0.0,0.0,0.0,0.0,0.0,0.0,0.0,0.0,0.0,0.0,0.0,0.0,0.0,964027,1522314867300526781,,head_nod,head_pan,left_e0,left_e1,left_s0,left_s1,left_w0,left_w1,left_w2,right_e0,right_e1,right_s0,right_s1,right_w0,right_w1,right_w2,torso_t0,0.0,-0.102009722394,-0.599786488063,1.19535452896,-0.506980650396,-0.503145698426,0.654242806033,0.869383611534,-0.140359242092,0.907349636034,1.60032545696,-0.28493693135,-1.03121858466,-0.48243695779,1.12364092713,-0.208621387152,-12.5659871192,0.0,-0.0141371669385,0.0,0.0176714586731,0.0208130513261,-0.00117809724488,-0.00078539816325,0.0047123889795,0.0168860605099,0.0117809724488,0.0,0.0274889357138,-0.00117809724488,0.00353429173463,-0.0109955742855,-0.0333794219381,0.0,0.0,0.0,-11.344,-10.948,-0.436,-20.964,0.032,-0.336,0.176,10.324,-14.784,0.34,-19.524,-0.032,-0.18,-0.212,-20.48,0,0,/base,/head_1,1.20184953315,0.0606897013565,0.490242833751,0.202914024644,0.621553266533,0.575899703062,0.490751431458,0,0,/base,/neck_1,1.26265327399,0.0112815143625,0.312496070796,0.202914024644,0.621553266533,0.575899703062,0.490751431458,0,0,/base,/torso_1,1.32016930888,-0.040210146455,0.144618825054,0.199409602766,0.627462602144,0.566492291319,0.495593560402,0,0,/base,/left_shoulder_1,1.20998704836,0.110882496274,0.263908751823,-0.0696888805235,0.781197245488,0.462563275272,0.413412070389,0,0,/base,/left_elbow_1,1.05964967303,0.174307143728,0.0992170996817,-0.0343346285339,0.782291139848,0.480085475608,0.395423370464,0,0,/base,/left_hand_1,0.89414006585,0.25307311706,-0.05824967019,-0.507826260114,0.52037540413,-0.464935591907,0.505130501646,0,0,/base,/right_shoulder_1,1.31531949952,-0.0883194637409,0.361083389974,0.367044289485,-0.190885419689,0.803753312924,0.4275767277,0,0,/base,/right_elbow_1,1.40718686518,-0.226079163828,0.171448620424,0.548670143342,-0.249229185869,0.685612598904,0.408388602853,0,0,/base,/right_hand_1,1.42280380568,-0.295599556807,-0.0605052185027,-0.507826260114,0.52037540413,-0.464935591907,0.505130501646,0,0,/base,/left_hip_1,1.34107824748,-0.0224713930699,-0.0570303774029,0.520375404129,0.507826260115,0.505130501648,0.464935591904,0,0,/base,/left_knee_1,1.31934149849,-0.00329198061423,-0.425474515753,0.520374052801,0.50782785277,0.505132800458,0.464932867223,0,0,/base,/left_foot_1,1.29844051735,0.0151504175941,-0.779747676189,-0.507826260114,0.52037540413,-0.464935591907,0.505130501646,0,0,/base,/right_hip_1,1.41429244026,-0.160932229091,0.010513535617,0.179983552806,0.785729994259,0.589036814144,0.0571832879846,0,0,/base,/right_knee_1,1.3346595261,-0.250104759643,-0.339191401152,-0.124086675277,0.717154053379,0.603291814277,-0.326085184527,0,0,/base,/right_foot_1,1.25808955405,-0.335847489561,-0.675445999123,-0.507826260114,0.52037540413,-0.464935591907,0.505130501646,0,0,/base,left_hand,0.815747240175,0.211711704033,0.0950974385878,0.129250811027,0.987258609525,-0.00518053344709,0.0926705338326,0,0,/base,right_hand,0.622968745576,-0.52432796923,0.316987645994,-0.0744925577801,0.995784170708,-0.0243148485135,0.0476815723825
1522314867417163115,19136,1522314867380356073,,205605,1522314867356213092,0,94,40,94,43,87,280,99,231,206133,1522314867365432977,base,-113.0,9016.0,-9273.0,10056.0,0.0,0.0,0.0,0.0,0.0,0.0,0.0,0.0,0.0,-10.0,-31.0,-32.0,0.0,0.0,0.0,0.0,0.0,0.0,0.0,0.0,0.0,-1462.0,-1357.0,861.0,0.0,0.0,0.0,0.0,0.0,0.0,0.0,0.0,0.0,0,0,,0.0,0.0,0.0,0.0,0.0,0.0,0.0,0.0,0.0,0.0,0.0,0.0,0.0,0.0,0.0,0.0,0.0,0.0,0.0,964026,1522314867290454590,,head_nod,head_pan,left_e0,left_e1,left_s0,left_s1,left_w0,left_w1,left_w2,right_e0,right_e1,right_s0,right_s1,right_w0,right_w1,right_w2,torso_t0,0.0,-0.101242732,-0.598636002472,1.19573802416,-0.506980650396,-0.503145698426,0.653859310836,0.869767106731,-0.139975746895,0.90658264564,1.59994196176,-0.284553436153,-1.03160207985,-0.482053462593,1.12287393673,-0.208621387152,-12.5659871192,0.0,-0.00196349540813,-0.0176714586731,0.015707963265,0.0121736715304,-0.00196349540813,0.00981747704063,-0.0200276531629,-0.00706858346925,-0.0172787595915,0.0047123889795,-0.00863937979575,0.0168860605099,-0.00589048622438,-0.0109955742855,0.0215984494894,0.0,0.0,0.0,-11.312,-10.948,-0.496,-20.964,0.032,-0.336,0.176,10.168,-14.724,0.308,-19.468,-0.024,-0.18,-0.232,-20.48,0,0,/base,/head_1,1.20192948236,0.0601087018161,0.488960163088,0.201946276695,0.622880662545,0.576424770157,0.488847487368,0,0,/base,/neck_1,1.26236732242,0.0109211174483,0.311619774662,0.201946276695,0.622880662545,0.576424770157,0.488847487368,0,0,/base,/torso_1,1.32062606633,-0.0398376628148,0.143775953604,0.197090080273,0.626996846697,0.569048253259,0.494180675413,0,0,/base,/left_shoulder_1,1.20913247843,0.110255676184,0.263107793295,-0.072801397116,0.780164286405,0.464280163533,0.412901407779,0,0,/base,/left_elbow_1,1.05957553106,0.172486362358,0.0989191747379,-0.03443479338,0.780900386673,0.483073000926,0.394524152461,0,0,/base,/left_hand_1,0.89414006585,0.25307311706,-0.05824967019,-0.507826260114,0.52037540413,-0.464935591907,0.505130501646,0,0,/base,/right_shoulder_1,1.31531949952,-0.0883194637409,0.361083389974,0.367044289485,-0.190885419689,0.803753312924,0.4275767277,0,0,/base,/right_elbow_1,1.40718686518,-0.226079163828,0.171448620424,0.548670143342,-0.249229185869,0.685612598904,0.408388602853,0,0,/base,/right_hand_1,1.42280380568,-0.295599556807,-0.0605052185027,-0.507826260114,0.52037540413,-0.464935591907,0.505130501646,0,0,/base,/left_hip_1,1.34107824748,-0.0224713930699,-0.0570303774029,0.520375404129,0.507826260115,0.505130501648,0.464935591904,0,0,/base,/left_knee_1,1.31934149849,-0.00329198061423,-0.425474515753,0.520374052801,0.50782785277,0.505132800458,0.464932867223,0,0,/base,/left_foot_1,1.29844051735,0.0151504175941,-0.779747676189,-0.507826260114,0.52037540413,-0.464935591907,0.505130501646,0,0,/base,/right_hip_1,1.41429244026,-0.160932229091,0.010513535617,0.179983552806,0.785729994259,0.589036814144,0.0571832879846,0,0,/base,/right_knee_1,1.3346595261,-0.250104759643,-0.339191401152,-0.124086675277,0.717154053379,0.603291814277,-0.326085184527,0,0,/base,/right_foot_1,1.25808955405,-0.335847489561,-0.675445999123,-0.507826260114,0.52037540413,-0.464935591907,0.505130501646,0,0,/base,left_hand,0.816006810775,0.211007028098,0.0954798566397,0.129278959842,0.987203422793,-0.00584666248145,0.0931781578745,0,0,/base,right_hand,0.622864701953,-0.523384578681,0.316573663335,-0.0743979680153,0.995823426203,-0.0236530162805,0.0473411132332
1522314867417184676,19137,1522314867393321037,,205606,1522314867378930091,0,103,40,81,44,80,232,92,248,206134,1522314867386567115,base,-115.0,9014.0,-9273.0,10058.0,0.0,0.0,0.0,0.0,0.0,0.0,0.0,0.0,0.0,1.0,-32.0,-16.0,0.0,0.0,0.0,0.0,0.0,0.0,0.0,0.0,0.0,-1438.0,-1315.0,814.0,0.0,0.0,0.0,0.0,0.0,0.0,0.0,0.0,0.0,0,0,,0.0,0.0,0.0,0.0,0.0,0.0,0.0,0.0,0.0,0.0,0.0,0.0,0.0,0.0,0.0,0.0,0.0,0.0,0.0,964030,1522314867330462358,,head_nod,head_pan,left_e0,left_e1,left_s0,left_s1,left_w0,left_w1,left_w2,right_e0,right_e1,right_s0,right_s1,right_w0,right_w1,right_w2,torso_t0,0.0,-0.101626227197,-0.598636002472,1.19535452896,-0.506597155199,-0.503145698426,0.653475815639,0.869767106731,-0.140359242092,0.906966140837,1.60070895216,-0.285320426547,-1.03121858466,-0.48243695779,1.12440791752,-0.208237891955,-12.5659871192,0.0,0.00078539816325,0.015707963265,-0.0078539816325,0.0267035375505,0.00353429173463,0.00981747704063,0.00431968989788,-0.00824668071413,-0.0137444678569,0.0270962366321,-0.015707963265,0.00274889357138,0.006283185306,-0.00117809724488,0.028274333877,0.0,0.0,0.0,-11.472,-10.98,-0.56,-20.964,0.024,-0.348,0.184,10.324,-14.872,0.308,-19.468,-0.04,-0.168,-0.232,-20.48,0,0,/base,/head_1,1.20192948236,0.0601087018161,0.488960163088,0.201946276695,0.622880662545,0.576424770157,0.488847487368,0,0,/base,/neck_1,1.26236732242,0.0109211174483,0.311619774662,0.201946276695,0.622880662545,0.576424770157,0.488847487368,0,0,/base,/torso_1,1.32062606633,-0.0398376628148,0.143775953604,0.197090080273,0.626996846697,0.569048253259,0.494180675413,0,0,/base,/left_shoulder_1,1.20913247843,0.110255676184,0.263107793295,-0.072801397116,0.780164286405,0.464280163533,0.412901407779,0,0,/base,/left_elbow_1,1.05957553106,0.172486362358,0.0989191747379,-0.03443479338,0.780900386673,0.483073000926,0.394524152461,0,0,/base,/left_hand_1,0.893725576351,0.251598794299,-0.0580157418722,-0.507826260114,0.52037540413,-0.464935591907,0.505130501646,0,0,/base,/right_shoulder_1,1.31560222772,-0.0884134547396,0.360131751711,0.367104111114,-0.187592959043,0.803116567768,0.430171165814,0,0,/base,/right_elbow_1,1.4055417304,-0.226482559905,0.172690761399,0.547225901488,-0.25132247365,0.686342281247,0.407817483627,0,0,/base,/right_hand_1,1.42216281623,-0.295616944728,-0.059458651177,-0.507826260114,0.52037540413,-0.464935591907,0.505130501646,0,0,/base,/left_hip_1,1.34188234485,-0.0215512313883,-0.0577874386151,0.52037540413,0.507826260115,0.505130501648,0.464935591904,0,0,/base,/left_knee_1,1.32014559585,-0.00237181893265,-0.426231576965,0.520374187934,0.507827693504,0.505132570577,0.464933139692,0,0,/base,/left_foot_1,1.29924461651,0.0160705107329,-0.780504741075,-0.507826260114,0.52037540413,-0.464935591907,0.505130501646,0,0,/base,/right_hip_1,1.41588727543,-0.159641647152,0.00965170411661,0.180173558072,0.787570460377,0.586831937602,0.0538380527398,0,0,/base,/right_knee_1,1.33435634029,-0.250678103892,-0.33912646284,-0.123090284624,0.717043568645,0.601400918672,-0.330173041776,0,0,/base,/right_foot_1,1.25596138913,-0.338213084915,-0.674489965654,-0.507826260114,0.52037540413,-0.464935591907,0.505130501646,0,0,/base,left_hand,0.815901150258,0.211992901803,0.0952084857008,0.128669894386,0.987322027237,-0.005309190986,0.0927959336486,0,0,/base,right_hand,0.622239091645,-0.524439853115,0.316602050139,-0.0742958710992,0.995857352978,-0.0240596569771,0.0465766997964
1522314867421199950,19298,1522314867382675886,,205606,1522314867378930091,0,103,40,81,44,80,232,92,248,206133,1522314867365432977,base,-113.0,9016.0,-9273.0,10056.0,0.0,0.0,0.0,0.0,0.0,0.0,0.0,0.0,0.0,-10.0,-31.0,-32.0,0.0,0.0,0.0,0.0,0.0,0.0,0.0,0.0,0.0,-1462.0,-1357.0,861.0,0.0,0.0,0.0,0.0,0.0,0.0,0.0,0.0,0.0,0,0,,0.0,0.0,0.0,0.0,0.0,0.0,0.0,0.0,0.0,0.0,0.0,0.0,0.0,0.0,0.0,0.0,0.0,0.0,0.0,964028,1522314867310460611,,head_nod,head_pan,left_e0,left_e1,left_s0,left_s1,left_w0,left_w1,left_w2,right_e0,right_e1,right_s0,right_s1,right_w0,right_w1,right_w2,torso_t0,0.0,-0.101242732,-0.599786488063,1.19535452896,-0.506980650396,-0.503145698426,0.653475815639,0.869383611534,-0.139975746895,0.907349636034,1.60109244736,-0.284169940956,-1.03121858466,-0.481669967396,1.12287393673,-0.207087406365,-12.5659871192,0.0,0.00392699081625,0.0102101761223,-0.0141371669385,0.0129590696936,-0.00196349540813,-0.00196349540813,0.0133517687753,0.00510508806113,-0.000392699081625,0.0168860605099,0.00392699081625,-0.00392699081625,0.0109955742855,0.006283185306,-0.0149225651018,0.0,0.0,0.0,-11.376,-10.916,-0.404,-21.096,0.008,-0.368,0.196,10.196,-14.784,0.308,-19.524,-0.032,-0.168,-0.204,-20.48,0,0,/base,/head_1,1.20192948236,0.0601087018161,0.488960163088,0.201946276695,0.622880662545,0.576424770157,0.488847487368,0,0,/base,/neck_1,1.26236732242,0.0109211174483,0.311619774662,0.201946276695,0.622880662545,0.576424770157,0.488847487368,0,0,/base,/torso_1,1.32062606633,-0.0398376628148,0.143775953604,0.197090080273,0.626996846697,0.569048253259,0.494180675413,0,0,/base,/left_shoulder_1,1.20913247843,0.110255676184,0.263107793295,-0.072801397116,0.780164286405,0.464280163533,0.412901407779,0,0,/base,/left_elbow_1,1.05957553106,0.172486362358,0.0989191747379,-0.03443479338,0.780900386673,0.483073000926,0.394524152461,0,0,/base,/left_hand_1,0.893725576351,0.251598794299,-0.0580157418722,-0.507826260114,0.52037540413,-0.464935591907,0.505130501646,0,0,/base,/right_shoulder_1,1.31560222772,-0.0884134547396,0.360131751711,0.367104111114,-0.187592959043,0.803116567768,0.430171165814,0,0,/base,/right_elbow_1,1.4055417304,-0.226482559905,0.172690761399,0.547225901488,-0.25132247365,0.686342281247,0.407817483627,0,0,/base,/right_hand_1,1.42216281623,-0.295616944728,-0.059458651177,-0.507826260114,0.52037540413,-0.464935591907,0.505130501646,0,0,/base,/left_hip_1,1.34188234485,-0.0215512313883,-0.0577874386151,0.52037540413,0.507826260115,0.505130501648,0.464935591904,0,0,/base,/left_knee_1,1.32014559585,-0.00237181893265,-0.426231576965,0.520374187934,0.507827693504,0.505132570577,0.464933139692,0,0,/base,/left_foot_1,1.29924461651,0.0160705107329,-0.780504741075,-0.507826260114,0.52037540413,-0.464935591907,0.505130501646,0,0,/base,/right_hip_1,1.41588727543,-0.159641647152,0.00965170411661,0.180173558072,0.787570460377,0.586831937602,0.0538380527398,0,0,/base,/right_knee_1,1.3346595261,-0.250104759643,-0.339191401152,-0.124086675277,0.717154053379,0.603291814277,-0.326085184527,0,0,/base,/right_foot_1,1.25808955405,-0.335847489561,-0.675445999123,-0.507826260114,0.52037540413,-0.464935591907,0.505130501646,0,0,/base,left_hand,0.816006810775,0.211007028098,0.0954798566397,0.129278959842,0.987203422793,-0.00584666248145,0.0931781578745,0,0,/base,right_hand,0.622864701953,-0.523384578681,0.316573663335,-0.0743979680153,0.995823426203,-0.0236530162805,0.0473411132332
1522314867421206564,19299,1522314867400432109,,205606,1522314867378930091,0,103,40,81,44,80,232,92,248,206134,1522314867386567115,base,-115.0,9014.0,-9273.0,10058.0,0.0,0.0,0.0,0.0,0.0,0.0,0.0,0.0,0.0,1.0,-32.0,-16.0,0.0,0.0,0.0,0.0,0.0,0.0,0.0,0.0,0.0,-1438.0,-1315.0,814.0,0.0,0.0,0.0,0.0,0.0,0.0,0.0,0.0,0.0,0,0,,0.0,0.0,0.0,0.0,0.0,0.0,0.0,0.0,0.0,0.0,0.0,0.0,0.0,0.0,0.0,0.0,0.0,0.0,0.0,964029,1522314867320456220,,head_nod,head_pan,left_e0,left_e1,left_s0,left_s1,left_w0,left_w1,left_w2,right_e0,right_e1,right_s0,right_s1,right_w0,right_w1,right_w2,torso_t0,0.0,-0.101626227197,-0.599402992866,1.19535452896,-0.506597155199,-0.50391268882,0.653092320442,0.869767106731,-0.139975746895,0.907349636034,1.60070895216,-0.284553436153,-1.03121858466,-0.481669967396,1.12325743193,-0.208621387152,-12.5659871192,0.0,-0.00274889357138,0.0274889357138,-0.0235619448975,-0.00235619448975,0.00667588438763,-0.0015707963265,0.0180641577548,-0.0212057504078,-0.00981747704063,0.00196349540813,-0.000392699081625,-0.00981747704063,0.00824668071413,-0.00274889357138,-0.00235619448975,0.0,0.0,0.0,-11.408,-10.916,-0.404,-21.032,0.016,-0.368,0.184,10.228,-14.812,0.372,-19.496,-0.032,-0.168,-0.24,-20.48,0,0,/base,/head_1,1.20192948236,0.0601087018161,0.488960163088,0.201946276695,0.622880662545,0.576424770157,0.488847487368,0,0,/base,/neck_1,1.26236732242,0.0109211174483,0.311619774662,0.201946276695,0.622880662545,0.576424770157,0.488847487368,0,0,/base,/torso_1,1.32062606633,-0.0398376628148,0.143775953604,0.197090080273,0.626996846697,0.569048253259,0.494180675413,0,0,/base,/left_shoulder_1,1.20913247843,0.110255676184,0.263107793295,-0.072801397116,0.780164286405,0.464280163533,0.412901407779,0,0,/base,/left_elbow_1,1.05957553106,0.172486362358,0.0989191747379,-0.03443479338,0.780900386673,0.483073000926,0.394524152461,0,0,/base,/left_hand_1,0.893725576351,0.251598794299,-0.0580157418722,-0.507826260114,0.52037540413,-0.464935591907,0.505130501646,0,0,/base,/right_shoulder_1,1.31560222772,-0.0884134547396,0.360131751711,0.367104111114,-0.187592959043,0.803116567768,0.430171165814,0,0,/base,/right_elbow_1,1.4055417304,-0.226482559905,0.172690761399,0.547225901488,-0.25132247365,0.686342281247,0.407817483627,0,0,/base,/right_hand_1,1.42216281623,-0.295616944728,-0.059458651177,-0.507826260114,0.52037540413,-0.464935591907,0.505130501646,0,0,/base,/left_hip_1,1.34188234485,-0.0215512313883,-0.0577874386151,0.52037540413,0.507826260115,0.505130501648,0.464935591904,0,0,/base,/left_knee_1,1.32014559585,-0.00237181893265,-0.426231576965,0.520374187934,0.507827693504,0.505132570577,0.464933139692,0,0,/base,/left_foot_1,1.29924461651,0.0160705107329,-0.780504741075,-0.507826260114,0.52037540413,-0.464935591907,0.505130501646,0,0,/base,/right_hip_1,1.41588727543,-0.159641647152,0.00965170411661,0.180173558072,0.787570460377,0.586831937602,0.0538380527398,0,0,/base,/right_knee_1,1.33435634029,-0.250678103892,-0.33912646284,-0.123090284624,0.717043568645,0.601400918672,-0.330173041776,0,0,/base,/right_foot_1,1.25596138913,-0.338213084915,-0.674489965654,-0.507826260114,0.52037540413,-0.464935591907,0.505130501646,0,0,/base,left_hand,0.815901150258,0.211992901803,0.0952084857008,0.128669894386,0.987322027237,-0.005309190986,0.0927959336486,0,0,/base,right_hand,0.622239091645,-0.524439853115,0.316602050139,-0.0742958710992,0.995857352978,-0.0240596569771,0.0465766997964
1522314867457169433,19138,1522314867416421890,,205608,1522314867416258096,0,110,45,91,42,77,209,95,228,206135,1522314867410305976,base,-118.0,9011.0,-9274.0,10060.0,0.0,0.0,0.0,0.0,0.0,0.0,0.0,0.0,0.0,-9.0,-25.0,-20.0,0.0,0.0,0.0,0.0,0.0,0.0,0.0,0.0,0.0,-1420.0,-1317.0,845.0,0.0,0.0,0.0,0.0,0.0,0.0,0.0,0.0,0.0,0,0,,0.0,0.0,0.0,0.0,0.0,0.0,0.0,0.0,0.0,0.0,0.0,0.0,0.0,0.0,0.0,0.0,0.0,0.0,0.0,964031,1522314867340464972,,head_nod,head_pan,left_e0,left_e1,left_s0,left_s1,left_w0,left_w1,left_w2,right_e0,right_e1,right_s0,right_s1,right_w0,right_w1,right_w2,torso_t0,0.0,-0.101626227197,-0.599402992866,1.19458753857,-0.505830164805,-0.502762203229,0.653859310836,0.869767106731,-0.140359242092,0.906966140837,1.60032545696,-0.284553436153,-1.03160207985,-0.481286472199,1.12402442232,-0.208237891955,-12.5659871192,0.0,0.00863937979575,-0.00549778714275,-0.00667588438763,0.0243473430608,0.00196349540813,0.0,0.00981747704063,0.0204203522445,-0.0015707963265,-0.0255254403056,0.00431968989788,0.000392699081625,-0.00824668071413,0.0278816347954,-0.00078539816325,0.0,0.0,0.0,-11.44,-10.98,-0.684,-20.996,0.008,-0.356,0.176,10.26,-14.872,0.372,-19.468,-0.024,-0.188,-0.184,-20.48,0,0,/base,/head_1,1.20285835381,0.060338415236,0.490122021364,0.200662359786,0.624034059532,0.576621762176,0.487671460406,0,0,/base,/neck_1,1.26343946795,0.010917398612,0.31237516613,0.200662359786,0.624034059532,0.576621762176,0.487671460406,0,0,/base,/torso_1,1.32089271039,-0.0396795891355,0.144204965256,0.197784768486,0.628689700222,0.569191994621,0.491580023444,0,0,/base,/left_shoulder_1,1.20964264245,0.110095343266,0.264163020419,-0.0715026531917,0.77923850526,0.465333948361,0.413689544234,0,0,/base,/left_elbow_1,1.05970129917,0.173446725352,0.0994534349019,-0.0400428695363,0.781989159912,0.481874683527,0.393301807464,0,0,/base,/left_hand_1,0.893598471938,0.249903503753,-0.0585030789087,-0.507826260114,0.52037540413,-0.464935591907,0.505130501646,0,0,/base,/right_shoulder_1,1.31723629335,-0.0882605422336,0.360587312045,0.37086941239,-0.186322412727,0.801943096637,0.429682565652,0,0,/base,/right_elbow_1,1.40638020537,-0.226355936977,0.171362278582,0.547225528157,-0.251295618278,0.687142290961,0.406485184896,0,0,/base,/right_hand_1,1.42358200266,-0.29542697269,-0.0615587200578,-0.507826260114,0.52037540413,-0.464935591907,0.505130501646,0,0,/base,/left_hip_1,1.34095301847,-0.0213402083901,-0.0574764259702,0.52037540413,0.507826260115,0.505130501648,0.464935591905,0,0,/base,/left_knee_1,1.31921626948,-0.00216079593448,-0.42592056432,0.520374309554,0.507827550165,0.505132363685,0.464933384914,0,0,/base,/left_foot_1,1.29831529172,0.0162814728041,-0.780193731696,-0.507826260114,0.52037540413,-0.464935591907,0.505130501646,0,0,/base,/right_hip_1,1.41573888611,-0.159212936968,0.00954593992952,0.178804562515,0.788003289115,0.586815821077,0.0522200813888,0,0,/base,/right_knee_1,1.33424376362,-0.250628283087,-0.33914863563,-0.127270225879,0.714989114271,0.600105154341,-0.335360492323,0,0,/base,/right_foot_1,1.25588327551,-0.338527626399,-0.674431874432,-0.507826260114,0.52037540413,-0.464935591907,0.505130501646,0,0,/base,left_hand,0.815824634284,0.211645543145,0.0949888364335,0.128825246554,0.987318972204,-0.00555809942831,0.092598112871,0,0,/base,right_hand,0.622748791534,-0.524210800536,0.316683469177,-0.0743729226263,0.995820054476,-0.0240492197465,0.0472516932376
1522314867457181360,19139,1522314867438785076,,205609,1522314867438616991,0,110,50,97,45,83,254,91,234,206136,1522314867431242942,base,-124.0,9004.0,-9280.0,10060.0,0.0,0.0,0.0,0.0,0.0,0.0,0.0,0.0,0.0,13.0,-33.0,-37.0,0.0,0.0,0.0,0.0,0.0,0.0,0.0,0.0,0.0,-1411.0,-1343.0,861.0,0.0,0.0,0.0,0.0,0.0,0.0,0.0,0.0,0.0,0,0,,0.0,0.0,0.0,0.0,0.0,0.0,0.0,0.0,0.0,0.0,0.0,0.0,0.0,0.0,0.0,0.0,0.0,0.0,0.0,964034,1522314867370464670,,head_nod,head_pan,left_e0,left_e1,left_s0,left_s1,left_w0,left_w1,left_w2,right_e0,right_e1,right_s0,right_s1,right_w0,right_w1,right_w2,torso_t0,0.0,-0.101242732,-0.599019497669,1.19497103376,-0.506213660002,-0.503529193623,0.653092320442,0.869767106731,-0.139592251698,0.906966140837,1.60032545696,-0.28493693135,-1.03083508946,-0.482053462593,1.12364092713,-0.208621387152,-12.5659871192,0.0,0.00392699081625,0.0,-0.0129590696936,0.0215984494894,-0.00981747704063,-0.0204203522445,-0.00078539816325,0.00431968989788,-0.00549778714275,0.000392699081625,0.0133517687753,-0.0184568568364,0.00274889357138,0.00117809724488,-0.0047123889795,0.0,0.0,0.0,-11.44,-10.884,-0.84,-20.996,0.024,-0.328,0.184,10.228,-14.812,0.248,-19.468,-0.024,-0.24,-0.212,-20.48,0,0,/base,/head_1,1.20285835381,0.060338415236,0.490122021364,0.200662359786,0.624034059532,0.576621762176,0.487671460406,0,0,/base,/neck_1,1.26343946795,0.010917398612,0.31237516613,0.200662359786,0.624034059532,0.576621762176,0.487671460406,0,0,/base,/torso_1,1.32089271039,-0.0396795891355,0.144204965256,0.197784768486,0.628689700222,0.569191994621,0.491580023444,0,0,/base,/left_shoulder_1,1.20964264245,0.110095343266,0.264163020419,-0.0715026531917,0.77923850526,0.465333948361,0.413689544234,0,0,/base,/left_elbow_1,1.05970129917,0.173446725352,0.0994534349019,-0.0400428695363,0.781989159912,0.481874683527,0.393301807464,0,0,/base,/left_hand_1,0.893598471938,0.249903503753,-0.0585030789087,-0.507826260114,0.52037540413,-0.464935591907,0.505130501646,0,0,/base,/right_shoulder_1,1.31723629335,-0.0882605422336,0.360587312045,0.37086941239,-0.186322412727,0.801943096637,0.429682565652,0,0,/base,/right_elbow_1,1.40638020537,-0.226355936977,0.171362278582,0.547225528157,-0.251295618278,0.687142290961,0.406485184896,0,0,/base,/right_hand_1,1.42358200266,-0.29542697269,-0.0615587200578,-0.507826260114,0.52037540413,-0.464935591907,0.505130501646,0,0,/base,/left_hip_1,1.34095301847,-0.0213402083901,-0.0574764259702,0.52037540413,0.507826260115,0.505130501648,0.464935591905,0,0,/base,/left_knee_1,1.31921626948,-0.00216079593448,-0.42592056432,0.520374309554,0.507827550165,0.505132363685,0.464933384914,0,0,/base,/left_foot_1,1.29831529172,0.0162814728041,-0.780193731696,-0.507826260114,0.52037540413,-0.464935591907,0.505130501646,0,0,/base,/right_hip_1,1.41573888611,-0.159212936968,0.00954593992952,0.178804562515,0.788003289115,0.586815821077,0.0522200813888,0,0,/base,/right_knee_1,1.33424376362,-0.250628283087,-0.33914863563,-0.127270225879,0.714989114271,0.600105154341,-0.335360492323,0,0,/base,/right_foot_1,1.25588327551,-0.338527626399,-0.674431874432,-0.507826260114,0.52037540413,-0.464935591907,0.505130501646,0,0,/base,left_hand,0.815824634284,0.211645543145,0.0949888364335,0.128825246554,0.987318972204,-0.00555809942831,0.092598112871,0,0,/base,right_hand,0.622748791534,-0.524210800536,0.316683469177,-0.0743729226263,0.995820054476,-0.0240492197465,0.0472516932376
1522314867461161514,19300,1522314867422255992,,205608,1522314867416258096,0,110,45,91,42,77,209,95,228,206135,1522314867410305976,base,-118.0,9011.0,-9274.0,10060.0,0.0,0.0,0.0,0.0,0.0,0.0,0.0,0.0,0.0,-9.0,-25.0,-20.0,0.0,0.0,0.0,0.0,0.0,0.0,0.0,0.0,0.0,-1420.0,-1317.0,845.0,0.0,0.0,0.0,0.0,0.0,0.0,0.0,0.0,0.0,0,0,,0.0,0.0,0.0,0.0,0.0,0.0,0.0,0.0,0.0,0.0,0.0,0.0,0.0,0.0,0.0,0.0,0.0,0.0,0.0,964033,1522314867360501909,,head_nod,head_pan,left_e0,left_e1,left_s0,left_s1,left_w0,left_w1,left_w2,right_e0,right_e1,right_s0,right_s1,right_w0,right_w1,right_w2,torso_t0,0.0,-0.100859236803,-0.599402992866,1.19535452896,-0.505446669608,-0.503145698426,0.653859310836,0.870150601928,-0.139592251698,0.906966140837,1.60109244736,-0.284169940956,-1.03198557505,-0.481669967396,1.12402442232,-0.208237891955,-12.5659871192,0.0,0.0117809724488,0.00274889357138,-0.00981747704063,0.0106028752039,-0.00589048622438,-0.0141371669385,-0.00589048622438,0.00196349540813,0.0137444678569,0.0161006623466,0.00706858346925,0.00431968989788,-0.00431968989788,0.00392699081625,0.006283185306,0.0,0.0,0.0,-11.568,-10.948,-0.776,-20.996,0.024,-0.356,0.176,10.228,-14.844,0.308,-19.496,-0.032,-0.228,-0.232,-20.48,0,0,/base,/head_1,1.20285835381,0.060338415236,0.490122021364,0.200662359786,0.624034059532,0.576621762176,0.487671460406,0,0,/base,/neck_1,1.26343946795,0.010917398612,0.31237516613,0.200662359786,0.624034059532,0.576621762176,0.487671460406,0,0,/base,/torso_1,1.32089271039,-0.0396795891355,0.144204965256,0.197784768486,0.628689700222,0.569191994621,0.491580023444,0,0,/base,/left_shoulder_1,1.20964264245,0.110095343266,0.264163020419,-0.0715026531917,0.77923850526,0.465333948361,0.413689544234,0,0,/base,/left_elbow_1,1.05970129917,0.173446725352,0.0994534349019,-0.0400428695363,0.781989159912,0.481874683527,0.393301807464,0,0,/base,/left_hand_1,0.893598471938,0.249903503753,-0.0585030789087,-0.507826260114,0.52037540413,-0.464935591907,0.505130501646,0,0,/base,/right_shoulder_1,1.31723629335,-0.0882605422336,0.360587312045,0.37086941239,-0.186322412727,0.801943096637,0.429682565652,0,0,/base,/right_elbow_1,1.40638020537,-0.226355936977,0.171362278582,0.547225528157,-0.251295618278,0.687142290961,0.406485184896,0,0,/base,/right_hand_1,1.42358200266,-0.29542697269,-0.0615587200578,-0.507826260114,0.52037540413,-0.464935591907,0.505130501646,0,0,/base,/left_hip_1,1.34095301847,-0.0213402083901,-0.0574764259702,0.52037540413,0.507826260115,0.505130501648,0.464935591905,0,0,/base,/left_knee_1,1.31921626948,-0.00216079593448,-0.42592056432,0.520374309554,0.507827550165,0.505132363685,0.464933384914,0,0,/base,/left_foot_1,1.29831529172,0.0162814728041,-0.780193731696,-0.507826260114,0.52037540413,-0.464935591907,0.505130501646,0,0,/base,/right_hip_1,1.41573888611,-0.159212936968,0.00954593992952,0.178804562515,0.788003289115,0.586815821077,0.0522200813888,0,0,/base,/right_knee_1,1.33424376362,-0.250628283087,-0.33914863563,-0.127270225879,0.714989114271,0.600105154341,-0.335360492323,0,0,/base,/right_foot_1,1.25588327551,-0.338527626399,-0.674431874432,-0.507826260114,0.52037540413,-0.464935591907,0.505130501646,0,0,/base,left_hand,0.815824634284,0.211645543145,0.0949888364335,0.128825246554,0.987318972204,-0.00555809942831,0.092598112871,0,0,/base,right_hand,0.622748791534,-0.524210800536,0.316683469177,-0.0743729226263,0.995820054476,-0.0240492197465,0.0472516932376
1522314867461182165,19301,1522314867440946102,,205609,1522314867438616991,0,110,50,97,45,83,254,91,234,206136,1522314867431242942,base,-124.0,9004.0,-9280.0,10060.0,0.0,0.0,0.0,0.0,0.0,0.0,0.0,0.0,0.0,13.0,-33.0,-37.0,0.0,0.0,0.0,0.0,0.0,0.0,0.0,0.0,0.0,-1411.0,-1343.0,861.0,0.0,0.0,0.0,0.0,0.0,0.0,0.0,0.0,0.0,0,0,,0.0,0.0,0.0,0.0,0.0,0.0,0.0,0.0,0.0,0.0,0.0,0.0,0.0,0.0,0.0,0.0,0.0,0.0,0.0,964034,1522314867370464670,,head_nod,head_pan,left_e0,left_e1,left_s0,left_s1,left_w0,left_w1,left_w2,right_e0,right_e1,right_s0,right_s1,right_w0,right_w1,right_w2,torso_t0,0.0,-0.101242732,-0.599019497669,1.19497103376,-0.506213660002,-0.503529193623,0.653092320442,0.869767106731,-0.139592251698,0.906966140837,1.60032545696,-0.28493693135,-1.03083508946,-0.482053462593,1.12364092713,-0.208621387152,-12.5659871192,0.0,0.00392699081625,0.0,-0.0129590696936,0.0215984494894,-0.00981747704063,-0.0204203522445,-0.00078539816325,0.00431968989788,-0.00549778714275,0.000392699081625,0.0133517687753,-0.0184568568364,0.00274889357138,0.00117809724488,-0.0047123889795,0.0,0.0,0.0,-11.44,-10.884,-0.84,-20.996,0.024,-0.328,0.184,10.228,-14.812,0.248,-19.468,-0.024,-0.24,-0.212,-20.48,0,0,/base,/head_1,1.20285835381,0.060338415236,0.490122021364,0.200662359786,0.624034059532,0.576621762176,0.487671460406,0,0,/base,/neck_1,1.26343946795,0.010917398612,0.31237516613,0.200662359786,0.624034059532,0.576621762176,0.487671460406,0,0,/base,/torso_1,1.32089271039,-0.0396795891355,0.144204965256,0.197784768486,0.628689700222,0.569191994621,0.491580023444,0,0,/base,/left_shoulder_1,1.20964264245,0.110095343266,0.264163020419,-0.0715026531917,0.77923850526,0.465333948361,0.413689544234,0,0,/base,/left_elbow_1,1.05970129917,0.173446725352,0.0994534349019,-0.0400428695363,0.781989159912,0.481874683527,0.393301807464,0,0,/base,/left_hand_1,0.893598471938,0.249903503753,-0.0585030789087,-0.507826260114,0.52037540413,-0.464935591907,0.505130501646,0,0,/base,/right_shoulder_1,1.31723629335,-0.0882605422336,0.360587312045,0.37086941239,-0.186322412727,0.801943096637,0.429682565652,0,0,/base,/right_elbow_1,1.40638020537,-0.226355936977,0.171362278582,0.547225528157,-0.251295618278,0.687142290961,0.406485184896,0,0,/base,/right_hand_1,1.42358200266,-0.29542697269,-0.0615587200578,-0.507826260114,0.52037540413,-0.464935591907,0.505130501646,0,0,/base,/left_hip_1,1.34095301847,-0.0213402083901,-0.0574764259702,0.52037540413,0.507826260115,0.505130501648,0.464935591905,0,0,/base,/left_knee_1,1.31921626948,-0.00216079593448,-0.42592056432,0.520374309554,0.507827550165,0.505132363685,0.464933384914,0,0,/base,/left_foot_1,1.29831529172,0.0162814728041,-0.780193731696,-0.507826260114,0.52037540413,-0.464935591907,0.505130501646,0,0,/base,/right_hip_1,1.41573888611,-0.159212936968,0.00954593992952,0.178804562515,0.788003289115,0.586815821077,0.0522200813888,0,0,/base,/right_knee_1,1.33424376362,-0.250628283087,-0.33914863563,-0.127270225879,0.714989114271,0.600105154341,-0.335360492323,0,0,/base,/right_foot_1,1.25588327551,-0.338527626399,-0.674431874432,-0.507826260114,0.52037540413,-0.464935591907,0.505130501646,0,0,/base,left_hand,0.815824634284,0.211645543145,0.0949888364335,0.128825246554,0.987318972204,-0.00555809942831,0.092598112871,0,0,/base,right_hand,0.622748791534,-0.524210800536,0.316683469177,-0.0743729226263,0.995820054476,-0.0240492197465,0.0472516932376
1522314867497215449,19140,1522314867458385944,,205609,1522314867438616991,0,110,50,97,45,83,254,91,234,206137,1522314867453893899,base,-130.0,9001.0,-9283.0,10060.0,0.0,0.0,0.0,0.0,0.0,0.0,0.0,0.0,0.0,-6.0,-38.0,-45.0,0.0,0.0,0.0,0.0,0.0,0.0,0.0,0.0,0.0,-1428.0,-1310.0,828.0,0.0,0.0,0.0,0.0,0.0,0.0,0.0,0.0,0.0,0,0,,0.0,0.0,0.0,0.0,0.0,0.0,0.0,0.0,0.0,0.0,0.0,0.0,0.0,0.0,0.0,0.0,0.0,0.0,0.0,964036,1522314867390474258,,head_nod,head_pan,left_e0,left_e1,left_s0,left_s1,left_w0,left_w1,left_w2,right_e0,right_e1,right_s0,right_s1,right_w0,right_w1,right_w2,torso_t0,0.0,-0.101626227197,-0.598636002472,1.19535452896,-0.505063174411,-0.502762203229,0.653859310836,0.869767106731,-0.139592251698,0.90658264564,1.60109244736,-0.285320426547,-1.03160207985,-0.481669967396,1.12364092713,-0.208237891955,-12.5659871192,0.0,-0.00589048622438,0.00510508806113,0.00981747704063,0.0329867228565,-0.0106028752039,0.0121736715304,-0.0215984494894,-0.00353429173463,0.00981747704063,0.0109955742855,-0.0047123889795,-0.0015707963265,-0.00235619448975,-0.000392699081625,0.00746128255088,0.0,0.0,0.0,-11.472,-10.852,-0.808,-20.9,0.024,-0.28,0.168,10.324,-14.904,0.216,-19.468,-0.032,-0.24,-0.212,-20.48,0,0,/base,/head_1,1.20315805525,0.0605143596787,0.490348873786,0.203697325459,0.622684945535,0.575938346087,0.488943636538,0,0,/base,/neck_1,1.26326797041,0.0112619691519,0.312386445161,0.203697325459,0.622684945535,0.575938346087,0.488943636538,0,0,/base,/torso_1,1.32109751252,-0.0394342621662,0.144374921707,0.198778978689,0.626766900032,0.568609602884,0.49430080939,0,0,/base,/left_shoulder_1,1.21022607095,0.110809102755,0.264098141285,-0.0711160006105,0.779930905891,0.463996691299,0.413953339106,0,0,/base,/left_elbow_1,1.06013875957,0.174171220451,0.0990443501662,-0.0417574388109,0.783825005485,0.480104938139,0.391629832181,0,0,/base,/left_hand_1,0.893466484249,0.249220058914,-0.0589941492953,-0.507826260114,0.52037540413,-0.464935591907,0.505130501646,0,0,/base,/right_shoulder_1,1.31630993113,-0.08828515926,0.360674753346,0.369227233376,-0.18848203138,0.800968152588,0.43196735122,0,0,/base,/right_elbow_1,1.40457425159,-0.22605808566,0.172678451266,0.544282081772,-0.25542115897,0.685539602564,0.410551458806,0,0,/base,/right_hand_1,1.42174062873,-0.295508613945,-0.0603983331058,-0.507826260114,0.52037540413,-0.464935591907,0.505130501646,0,0,/base,/left_hip_1,1.34205874914,-0.0209375506669,-0.0572007132372,0.166842964873,0.694493584699,0.699035268651,0.0345221532714,0,0,/base,/left_knee_1,1.27766147048,-0.00936440919796,-0.402028540563,0.0644526770998,0.692227516018,0.715774161462,-0.0658351597931,0,0,/base,/left_foot_1,1.21574129802,0.00176352073365,-0.733592727091,-0.507826260114,0.52037540413,-0.464935591907,0.505130501646,0,0,/base,/right_hip_1,1.4157953594,-0.159323443126,0.00992749412284,0.182327474672,0.788724818658,0.584591999077,0.0540559620026,0,0,/base,/right_knee_1,1.3328587258,-0.251723687527,-0.338166099314,-0.123746653819,0.71615422788,0.599731499,-0.334861190145,0,0,/base,/right_foot_1,1.25311227827,-0.340570025416,-0.67287136407,-0.507826260114,0.52037540413,-0.464935591907,0.505130501646,0,0,/base,left_hand,0.816349451545,0.211921148177,0.0955416894231,0.12885798191,0.987238896821,-0.00530535892524,0.0934175265605,0,0,/base,right_hand,0.622854183828,-0.523568811047,0.316971425531,-0.0744277581265,0.995823722098,-0.0238735111791,0.0471771002794
1522314867497223464,19141,1522314867480353116,,205610,1522314867461306095,0,116,50,108,50,80,266,90,221,206138,1522314867477608919,base,-143.0,8999.0,-9286.0,10060.0,0.0,0.0,0.0,0.0,0.0,0.0,0.0,0.0,0.0,-37.0,-42.0,-58.0,0.0,0.0,0.0,0.0,0.0,0.0,0.0,0.0,0.0,-1397.0,-1316.0,843.0,0.0,0.0,0.0,0.0,0.0,0.0,0.0,0.0,0.0,0,0,,0.0,0.0,0.0,0.0,0.0,0.0,0.0,0.0,0.0,0.0,0.0,0.0,0.0,0.0,0.0,0.0,0.0,0.0,0.0,964036,1522314867390474258,,head_nod,head_pan,left_e0,left_e1,left_s0,left_s1,left_w0,left_w1,left_w2,right_e0,right_e1,right_s0,right_s1,right_w0,right_w1,right_w2,torso_t0,0.0,-0.101626227197,-0.598636002472,1.19535452896,-0.505063174411,-0.502762203229,0.653859310836,0.869767106731,-0.139592251698,0.90658264564,1.60109244736,-0.285320426547,-1.03160207985,-0.481669967396,1.12364092713,-0.208237891955,-12.5659871192,0.0,-0.00589048622438,0.00510508806113,0.00981747704063,0.0329867228565,-0.0106028752039,0.0121736715304,-0.0215984494894,-0.00353429173463,0.00981747704063,0.0109955742855,-0.0047123889795,-0.0015707963265,-0.00235619448975,-0.000392699081625,0.00746128255088,0.0,0.0,0.0,-11.472,-10.852,-0.808,-20.9,0.024,-0.28,0.168,10.324,-14.904,0.216,-19.468,-0.032,-0.24,-0.212,-20.48,0,0,/base,/head_1,1.20256166007,0.0610450455167,0.490139666433,0.204582643442,0.621652581954,0.575090569759,0.490881702578,0,0,/base,/neck_1,1.26279173321,0.0115701992657,0.312348913719,0.204582643442,0.621652581954,0.575090569759,0.490881702578,0,0,/base,/torso_1,1.32121760706,-0.0396139556805,0.144691735129,0.198401308689,0.625532024532,0.56757982327,0.497191865593,0,0,/base,/left_shoulder_1,1.21041643458,0.111276802408,0.263663825741,-0.0705185794447,0.781140858958,0.462732026574,0.413189012441,0,0,/base,/left_elbow_1,1.05992598673,0.174438254419,0.0987471439184,-0.0390787259565,0.784229065798,0.479409387005,0.391949314564,0,0,/base,/left_hand_1,0.893466484249,0.249220058914,-0.0589941492953,-0.507826260114,0.52037540413,-0.464935591907,0.505130501646,0,0,/base,/right_shoulder_1,1.31630993113,-0.08828515926,0.360674753346,0.369227233376,-0.18848203138,0.800968152588,0.43196735122,0,0,/base,/right_elbow_1,1.40457425159,-0.22605808566,0.172678451266,0.544282081772,-0.25542115897,0.685539602564,0.410551458806,0,0,/base,/right_hand_1,1.42174062873,-0.295508613945,-0.0603983331058,-0.507826260114,0.52037540413,-0.464935591907,0.505130501646,0,0,/base,/left_hip_1,1.34205874914,-0.0209375506669,-0.0572007132372,0.166842964873,0.694493584699,0.699035268651,0.0345221532714,0,0,/base,/left_knee_1,1.27766147048,-0.00936440919796,-0.402028540563,0.0644526770998,0.692227516018,0.715774161462,-0.0658351597931,0,0,/base,/left_foot_1,1.21574129802,0.00176352073365,-0.733592727091,-0.507826260114,0.52037540413,-0.464935591907,0.505130501646,0,0,/base,/right_hip_1,1.4157953594,-0.159323443126,0.00992749412284,0.182327474672,0.788724818658,0.584591999077,0.0540559620026,0,0,/base,/right_knee_1,1.3328587258,-0.251723687527,-0.338166099314,-0.123746653819,0.71615422788,0.599731499,-0.334861190145,0,0,/base,/right_foot_1,1.25311227827,-0.340570025416,-0.67287136407,-0.507826260114,0.52037540413,-0.464935591907,0.505130501646,0,0,/base,left_hand,0.816143998256,0.212346021037,0.0954072665101,0.128636147847,0.987277115702,-0.00564616481277,0.0932992985068,0,0,/base,right_hand,0.622415391851,-0.524368635853,0.316964189603,-0.0743034241469,0.995832781346,-0.0245118792265,0.0468533940456
1522314867501418261,19302,1522314867461541891,,205610,1522314867461306095,0,116,50,108,50,80,266,90,221,206137,1522314867453893899,base,-130.0,9001.0,-9283.0,10060.0,0.0,0.0,0.0,0.0,0.0,0.0,0.0,0.0,0.0,-6.0,-38.0,-45.0,0.0,0.0,0.0,0.0,0.0,0.0,0.0,0.0,0.0,-1428.0,-1310.0,828.0,0.0,0.0,0.0,0.0,0.0,0.0,0.0,0.0,0.0,0,0,,0.0,0.0,0.0,0.0,0.0,0.0,0.0,0.0,0.0,0.0,0.0,0.0,0.0,0.0,0.0,0.0,0.0,0.0,0.0,964034,1522314867370464670,,head_nod,head_pan,left_e0,left_e1,left_s0,left_s1,left_w0,left_w1,left_w2,right_e0,right_e1,right_s0,right_s1,right_w0,right_w1,right_w2,torso_t0,0.0,-0.101242732,-0.599019497669,1.19497103376,-0.506213660002,-0.503529193623,0.653092320442,0.869767106731,-0.139592251698,0.906966140837,1.60032545696,-0.28493693135,-1.03083508946,-0.482053462593,1.12364092713,-0.208621387152,-12.5659871192,0.0,0.00392699081625,0.0,-0.0129590696936,0.0215984494894,-0.00981747704063,-0.0204203522445,-0.00078539816325,0.00431968989788,-0.00549778714275,0.000392699081625,0.0133517687753,-0.0184568568364,0.00274889357138,0.00117809724488,-0.0047123889795,0.0,0.0,0.0,-11.44,-10.884,-0.84,-20.996,0.024,-0.328,0.184,10.228,-14.812,0.248,-19.468,-0.024,-0.24,-0.212,-20.48,0,0,/base,/head_1,1.20315805525,0.0605143596787,0.490348873786,0.203697325459,0.622684945535,0.575938346087,0.488943636538,0,0,/base,/neck_1,1.26326797041,0.0112619691519,0.312386445161,0.203697325459,0.622684945535,0.575938346087,0.488943636538,0,0,/base,/torso_1,1.32109751252,-0.0394342621662,0.144374921707,0.198778978689,0.626766900032,0.568609602884,0.49430080939,0,0,/base,/left_shoulder_1,1.21022607095,0.110809102755,0.264098141285,-0.0711160006105,0.779930905891,0.463996691299,0.413953339106,0,0,/base,/left_elbow_1,1.06013875957,0.174171220451,0.0990443501662,-0.0417574388109,0.783825005485,0.480104938139,0.391629832181,0,0,/base,/left_hand_1,0.893466484249,0.249220058914,-0.0589941492953,-0.507826260114,0.52037540413,-0.464935591907,0.505130501646,0,0,/base,/right_shoulder_1,1.31630993113,-0.08828515926,0.360674753346,0.369227233376,-0.18848203138,0.800968152588,0.43196735122,0,0,/base,/right_elbow_1,1.40457425159,-0.22605808566,0.172678451266,0.544282081772,-0.25542115897,0.685539602564,0.410551458806,0,0,/base,/right_hand_1,1.42174062873,-0.295508613945,-0.0603983331058,-0.507826260114,0.52037540413,-0.464935591907,0.505130501646,0,0,/base,/left_hip_1,1.34205874914,-0.0209375506669,-0.0572007132372,0.166842964873,0.694493584699,0.699035268651,0.0345221532714,0,0,/base,/left_knee_1,1.27766147048,-0.00936440919796,-0.402028540563,0.0644526770998,0.692227516018,0.715774161462,-0.0658351597931,0,0,/base,/left_foot_1,1.21574129802,0.00176352073365,-0.733592727091,-0.507826260114,0.52037540413,-0.464935591907,0.505130501646,0,0,/base,/right_hip_1,1.4157953594,-0.159323443126,0.00992749412284,0.182327474672,0.788724818658,0.584591999077,0.0540559620026,0,0,/base,/right_knee_1,1.3328587258,-0.251723687527,-0.338166099314,-0.123746653819,0.71615422788,0.599731499,-0.334861190145,0,0,/base,/right_foot_1,1.25311227827,-0.340570025416,-0.67287136407,-0.507826260114,0.52037540413,-0.464935591907,0.505130501646,0,0,/base,left_hand,0.816349451545,0.211921148177,0.0955416894231,0.12885798191,0.987238896821,-0.00530535892524,0.0934175265605,0,0,/base,right_hand,0.622854183828,-0.523568811047,0.316971425531,-0.0744277581265,0.995823722098,-0.0238735111791,0.0471771002794
1522314867501430008,19303,1522314867482637882,,205610,1522314867461306095,0,116,50,108,50,80,266,90,221,206138,1522314867477608919,base,-143.0,8999.0,-9286.0,10060.0,0.0,0.0,0.0,0.0,0.0,0.0,0.0,0.0,0.0,-37.0,-42.0,-58.0,0.0,0.0,0.0,0.0,0.0,0.0,0.0,0.0,0.0,-1397.0,-1316.0,843.0,0.0,0.0,0.0,0.0,0.0,0.0,0.0,0.0,0.0,0,0,,0.0,0.0,0.0,0.0,0.0,0.0,0.0,0.0,0.0,0.0,0.0,0.0,0.0,0.0,0.0,0.0,0.0,0.0,0.0,964038,1522314867410493477,,head_nod,head_pan,left_e0,left_e1,left_s0,left_s1,left_w0,left_w1,left_w2,right_e0,right_e1,right_s0,right_s1,right_w0,right_w1,right_w2,torso_t0,0.0,-0.101242732,-0.598252507275,1.19458753857,-0.505830164805,-0.502762203229,0.653475815639,0.869383611534,-0.140359242092,0.906966140837,1.60109244736,-0.284553436153,-1.03121858466,-0.481669967396,1.12440791752,-0.208621387152,-12.5659871192,0.0,-0.00510508806113,0.0259181393873,-0.0078539816325,-0.00078539816325,0.0329867228565,-0.0117809724488,-0.0078539816325,-0.0161006623466,0.0047123889795,-0.012566370612,-0.015707963265,0.00274889357138,0.0,-0.00392699081625,-0.00274889357138,0.0,0.0,0.0,-10.316,-10.344,-1.088,-19.232,0.06,-0.288,0.168,10.228,-14.844,0.308,-19.436,-0.04,-0.208,-0.24,-20.48,0,0,/base,/head_1,1.20256166007,0.0610450455167,0.490139666433,0.204582643442,0.621652581954,0.575090569759,0.490881702578,0,0,/base,/neck_1,1.26279173321,0.0115701992657,0.312348913719,0.204582643442,0.621652581954,0.575090569759,0.490881702578,0,0,/base,/torso_1,1.32121760706,-0.0396139556805,0.144691735129,0.198401308689,0.625532024532,0.56757982327,0.497191865593,0,0,/base,/left_shoulder_1,1.21041643458,0.111276802408,0.263663825741,-0.0705185794447,0.781140858958,0.462732026574,0.413189012441,0,0,/base,/left_elbow_1,1.05992598673,0.174438254419,0.0987471439184,-0.0390787259565,0.784229065798,0.479409387005,0.391949314564,0,0,/base,/left_hand_1,0.893266840024,0.250437991308,-0.0588573190858,-0.507826260114,0.52037540413,-0.464935591907,0.505130501646,0,0,/base,/right_shoulder_1,1.31516697104,-0.088136409464,0.361034004994,0.367380801877,-0.190485796056,0.800910859038,0.432768187126,0,0,/base,/right_elbow_1,1.40346580689,-0.225559078417,0.173909914887,0.543887361283,-0.255783504589,0.6851929467,0.411426740512,0,0,/base,/right_hand_1,1.42052165575,-0.295312003389,-0.0595473969572,-0.507826260114,0.52037540413,-0.464935591907,0.505130501646,0,0,/base,/left_hip_1,1.34323865458,-0.021494324373,-0.0568053218889,0.247726003435,0.677537421485,0.680685113872,0.127446637706,0,0,/base,/left_knee_1,1.28329776198,-0.00323665038907,-0.421037612055,0.116700658574,0.691508477426,0.712822381193,-0.00901303534521,0,0,/base,/left_foot_1,1.22137544477,0.0122110518784,-0.770627980921,-0.507826260114,0.52037540413,-0.464935591907,0.505130501646,0,0,/base,/right_hip_1,1.4157953594,-0.159323443126,0.00992749412284,0.182327474672,0.788724818658,0.584591999077,0.0540559620026,0,0,/base,/right_knee_1,1.3328587258,-0.251723687527,-0.338166099314,-0.123746653819,0.71615422788,0.599731499,-0.334861190145,0,0,/base,/right_foot_1,1.25311227827,-0.340570025416,-0.67287136407,-0.507826260114,0.52037540413,-0.464935591907,0.505130501646,0,0,/base,left_hand,0.816143998256,0.212346021037,0.0954072665101,0.128636147847,0.987277115702,-0.00564616481277,0.0932992985068,0,0,/base,right_hand,0.622415391851,-0.524368635853,0.316964189603,-0.0743034241469,0.995832781346,-0.0245118792265,0.0468533940456
1522314867537192252,19142,1522314867499129056,,205612,1522314867498884916,0,122,48,116,54,82,281,82,205,206139,1522314867485163927,base,-160.0,8994.0,-9294.0,10056.0,0.0,0.0,0.0,0.0,0.0,0.0,0.0,0.0,0.0,-20.0,-44.0,-70.0,0.0,0.0,0.0,0.0,0.0,0.0,0.0,0.0,0.0,-1363.0,-1366.0,870.0,0.0,0.0,0.0,0.0,0.0,0.0,0.0,0.0,0.0,0,0,,0.0,0.0,0.0,0.0,0.0,0.0,0.0,0.0,0.0,0.0,0.0,0.0,0.0,0.0,0.0,0.0,0.0,0.0,0.0,964040,1522314867430455405,,head_nod,head_pan,left_e0,left_e1,left_s0,left_s1,left_w0,left_w1,left_w2,right_e0,right_e1,right_s0,right_s1,right_w0,right_w1,right_w2,torso_t0,0.0,-0.101626227197,-0.598636002472,1.19382054817,-0.505446669608,-0.502378708032,0.653475815639,0.868233125943,-0.139975746895,0.90658264564,1.60032545696,-0.284553436153,-1.03083508946,-0.48243695779,1.12364092713,-0.208237891955,-12.5659871192,0.0,0.00549778714275,0.0333794219381,-0.0318086256116,-0.00746128255088,0.00549778714275,0.003141592653,-0.03141592653,-0.00706858346925,0.0153152641834,-0.0047123889795,0.00667588438763,0.009424777959,0.00431968989788,-0.0176714586731,-0.00431968989788,0.0,0.0,0.0,-10.572,-10.252,-0.808,-19.296,0.06,-0.192,0.196,10.26,-14.812,0.308,-19.436,-0.032,-0.208,-0.224,-20.48,0,0,/base,/head_1,1.20256166007,0.0610450455167,0.490139666433,0.204582643442,0.621652581954,0.575090569759,0.490881702578,0,0,/base,/neck_1,1.26279173321,0.0115701992657,0.312348913719,0.204582643442,0.621652581954,0.575090569759,0.490881702578,0,0,/base,/torso_1,1.32121760706,-0.0396139556805,0.144691735129,0.198401308689,0.625532024532,0.56757982327,0.497191865593,0,0,/base,/left_shoulder_1,1.21041643458,0.111276802408,0.263663825741,-0.0705185794447,0.781140858958,0.462732026574,0.413189012441,0,0,/base,/left_elbow_1,1.05992598673,0.174438254419,0.0987471439184,-0.0390787259565,0.784229065798,0.479409387005,0.391949314564,0,0,/base,/left_hand_1,0.893266840024,0.250437991308,-0.0588573190858,-0.507826260114,0.52037540413,-0.464935591907,0.505130501646,0,0,/base,/right_shoulder_1,1.31516697104,-0.088136409464,0.361034004994,0.367380801877,-0.190485796056,0.800910859038,0.432768187126,0,0,/base,/right_elbow_1,1.40346580689,-0.225559078417,0.173909914887,0.543887361283,-0.255783504589,0.6851929467,0.411426740512,0,0,/base,/right_hand_1,1.42052165575,-0.295312003389,-0.0595473969572,-0.507826260114,0.52037540413,-0.464935591907,0.505130501646,0,0,/base,/left_hip_1,1.34323865458,-0.021494324373,-0.0568053218889,0.247726003435,0.677537421485,0.680685113872,0.127446637706,0,0,/base,/left_knee_1,1.28329776198,-0.00323665038907,-0.421037612055,0.116700658574,0.691508477426,0.712822381193,-0.00901303534521,0,0,/base,/left_foot_1,1.22137544477,0.0122110518784,-0.770627980921,-0.507826260114,0.52037540413,-0.464935591907,0.505130501646,0,0,/base,/right_hip_1,1.41604830832,-0.160101905288,0.0108744497693,0.184010337479,0.788009427501,0.584841683746,0.0560494676354,0,0,/base,/right_knee_1,1.33309886024,-0.251831454608,-0.337397007763,-0.117844166286,0.718992759359,0.601674631568,-0.327337443916,0,0,/base,/right_foot_1,1.25334000747,-0.340032930542,-0.672273378049,-0.507826260114,0.52037540413,-0.464935591907,0.505130501646,0,0,/base,left_hand,0.816708726686,0.212894707713,0.0952381607087,0.127911575389,0.987320288643,-0.00549770826568,0.0938458934582,0,0,/base,right_hand,0.622642698402,-0.524263676168,0.316511478132,-0.0744386363451,0.995829671925,-0.0240246446782,0.0469571121389
1522314867537226427,19143,1522314867519752025,,205612,1522314867498884916,0,122,48,116,54,82,281,82,205,206140,1522314867506417036,base,-177.0,8988.0,-9301.0,10055.0,0.0,0.0,0.0,0.0,0.0,0.0,0.0,0.0,0.0,-37.0,-40.0,-62.0,0.0,0.0,0.0,0.0,0.0,0.0,0.0,0.0,0.0,-1348.0,-1353.0,890.0,0.0,0.0,0.0,0.0,0.0,0.0,0.0,0.0,0.0,0,0,,0.0,0.0,0.0,0.0,0.0,0.0,0.0,0.0,0.0,0.0,0.0,0.0,0.0,0.0,0.0,0.0,0.0,0.0,0.0,964041,1522314867440454262,,head_nod,head_pan,left_e0,left_e1,left_s0,left_s1,left_w0,left_w1,left_w2,right_e0,right_e1,right_s0,right_s1,right_w0,right_w1,right_w2,torso_t0,0.0,-0.101626227197,-0.597485516881,1.19420404337,-0.505446669608,-0.502762203229,0.653859310836,0.868233125943,-0.140359242092,0.906966140837,1.60070895216,-0.284553436153,-1.03121858466,-0.482053462593,1.12402442232,-0.207470901562,-12.5659871192,0.0,0.00353429173463,0.0145298660201,-0.0047123889795,0.00431968989788,0.00235619448975,0.00903207887738,-0.0420188017339,0.0102101761223,-0.009424777959,-0.012566370612,0.0106028752039,0.012566370612,0.00589048622438,-0.003141592653,0.00274889357138,0.0,0.0,0.0,-10.636,-10.22,-0.808,-19.264,0.04,-0.184,0.176,10.168,-14.752,0.34,-19.468,-0.024,-0.2,-0.224,-20.48,0,0,/base,/head_1,1.20308735626,0.060810259049,0.489717210517,0.200926011075,0.622794311389,0.576508046022,0.48927952813,0,0,/base,/neck_1,1.26380053141,0.0115734512855,0.312797403818,0.200926011075,0.622794311389,0.576508046022,0.48927952813,0,0,/base,/torso_1,1.3219346676,-0.0397197002395,0.145072129763,0.196694065362,0.627929359587,0.567914156128,0.494458972301,0,0,/base,/left_shoulder_1,1.21059478488,0.110793412226,0.264019391379,0.12231218258,0.762387746578,0.178211557039,0.609955158022,0,0,/base,/left_elbow_1,1.15948195146,0.202145321601,0.0635273890536,0.013263271506,0.967518640454,0.215739951138,0.131103163527,0,0,/base,/left_hand_1,0.960435895245,0.219102418086,0.0123948738738,-0.507826260114,0.52037540413,-0.464935591907,0.505130501646,0,0,/base,/right_shoulder_1,1.31700627824,-0.0876465210784,0.361575415644,0.370233822911,-0.18701555669,0.80053583256,0.43254419279,0,0,/base,/right_elbow_1,1.40465699399,-0.225742045157,0.173506149577,0.545468293802,-0.254514436507,0.684034170823,0.412048535021,0,0,/base,/right_hand_1,1.4207476079,-0.296162791494,-0.0618396370776,-0.507826260114,0.52037540413,-0.464935591907,0.505130501646,0,0,/base,/left_hip_1,1.34308666259,-0.0220473277837,-0.0565576243405,0.30967346376,0.656245630533,0.658241232954,0.200405831972,0,0,/base,/left_knee_1,1.29037942537,-0.000479086828091,-0.421726341829,0.163137171702,0.687332292313,0.70652757654,0.0421825407134,0,0,/base,/left_foot_1,1.23186718041,0.0178543262316,-0.771764405474,-0.507826260114,0.52037540413,-0.464935591907,0.505130501646,0,0,/base,/right_hip_1,1.41705094517,-0.159978383361,0.0112513353492,0.182487501302,0.787577365675,0.586253117585,0.0522253488795,0,0,/base,/right_knee_1,1.33344793059,-0.250898944228,-0.337076960934,-0.116125178061,0.718818382663,0.60291736282,-0.326045594015,0,0,/base,/right_foot_1,1.25306052387,-0.338322539406,-0.672007938459,-0.507826260114,0.52037540413,-0.464935591907,0.505130501646,0,0,/base,left_hand,0.816861592922,0.213865983573,0.0950300195699,0.127342309316,0.987415800827,-0.00462390686287,0.0936621162525,0,0,/base,right_hand,0.622542310707,-0.524118658242,0.316545645972,-0.0744497215112,0.995833071027,-0.0239668115004,0.0468969675229
1522314867541193226,19304,1522314867501355886,,205612,1522314867498884916,0,122,48,116,54,82,281,82,205,206139,1522314867485163927,base,-160.0,8994.0,-9294.0,10056.0,0.0,0.0,0.0,0.0,0.0,0.0,0.0,0.0,0.0,-20.0,-44.0,-70.0,0.0,0.0,0.0,0.0,0.0,0.0,0.0,0.0,0.0,-1363.0,-1366.0,870.0,0.0,0.0,0.0,0.0,0.0,0.0,0.0,0.0,0.0,0,0,,0.0,0.0,0.0,0.0,0.0,0.0,0.0,0.0,0.0,0.0,0.0,0.0,0.0,0.0,0.0,0.0,0.0,0.0,0.0,964039,1522314867420480128,,head_nod,head_pan,left_e0,left_e1,left_s0,left_s1,left_w0,left_w1,left_w2,right_e0,right_e1,right_s0,right_s1,right_w0,right_w1,right_w2,torso_t0,0.0,-0.101626227197,-0.598252507275,1.19420404337,-0.505446669608,-0.502762203229,0.653092320442,0.867849630746,-0.139975746895,0.907349636034,1.60147594255,-0.284553436153,-1.03121858466,-0.48243695779,1.12402442232,-0.209004882349,-12.5659871192,0.0,-0.00510508806113,0.0353429173463,-0.0215984494894,0.00078539816325,0.0172787595915,-0.00824668071413,-0.0133517687753,-0.00431968989788,-0.0106028752039,-0.0015707963265,-0.00981747704063,-0.009424777959,-0.0015707963265,0.0,-0.00235619448975,0.0,0.0,0.0,-10.348,-10.156,-0.872,-19.168,0.068,-0.252,0.176,10.26,-14.904,0.436,-19.496,-0.032,-0.2,-0.224,-20.48,0,0,/base,/head_1,1.20256166007,0.0610450455167,0.490139666433,0.204582643442,0.621652581954,0.575090569759,0.490881702578,0,0,/base,/neck_1,1.26279173321,0.0115701992657,0.312348913719,0.204582643442,0.621652581954,0.575090569759,0.490881702578,0,0,/base,/torso_1,1.32121760706,-0.0396139556805,0.144691735129,0.198401308689,0.625532024532,0.56757982327,0.497191865593,0,0,/base,/left_shoulder_1,1.21041643458,0.111276802408,0.263663825741,-0.0705185794447,0.781140858958,0.462732026574,0.413189012441,0,0,/base,/left_elbow_1,1.05992598673,0.174438254419,0.0987471439184,-0.0390787259565,0.784229065798,0.479409387005,0.391949314564,0,0,/base,/left_hand_1,0.893266840024,0.250437991308,-0.0588573190858,-0.507826260114,0.52037540413,-0.464935591907,0.505130501646,0,0,/base,/right_shoulder_1,1.31516697104,-0.088136409464,0.361034004994,0.367380801877,-0.190485796056,0.800910859038,0.432768187126,0,0,/base,/right_elbow_1,1.40346580689,-0.225559078417,0.173909914887,0.543887361283,-0.255783504589,0.6851929467,0.411426740512,0,0,/base,/right_hand_1,1.42052165575,-0.295312003389,-0.0595473969572,-0.507826260114,0.52037540413,-0.464935591907,0.505130501646,0,0,/base,/left_hip_1,1.34323865458,-0.021494324373,-0.0568053218889,0.247726003435,0.677537421485,0.680685113872,0.127446637706,0,0,/base,/left_knee_1,1.28329776198,-0.00323665038907,-0.421037612055,0.116700658574,0.691508477426,0.712822381193,-0.00901303534521,0,0,/base,/left_foot_1,1.22137544477,0.0122110518784,-0.770627980921,-0.507826260114,0.52037540413,-0.464935591907,0.505130501646,0,0,/base,/right_hip_1,1.41604830832,-0.160101905288,0.0108744497693,0.184010337479,0.788009427501,0.584841683746,0.0560494676354,0,0,/base,/right_knee_1,1.33309886024,-0.251831454608,-0.337397007763,-0.117844166286,0.718992759359,0.601674631568,-0.327337443916,0,0,/base,/right_foot_1,1.25334000747,-0.340032930542,-0.672273378049,-0.507826260114,0.52037540413,-0.464935591907,0.505130501646,0,0,/base,left_hand,0.816708726686,0.212894707713,0.0952381607087,0.127911575389,0.987320288643,-0.00549770826568,0.0938458934582,0,0,/base,right_hand,0.622642698402,-0.524263676168,0.316511478132,-0.0744386363451,0.995829671925,-0.0240246446782,0.0469571121389
1522314867541216503,19305,1522314867523166894,,205613,1522314867521780014,0,127,43,110,52,82,353,79,218,206140,1522314867506417036,base,-177.0,8988.0,-9301.0,10055.0,0.0,0.0,0.0,0.0,0.0,0.0,0.0,0.0,0.0,-37.0,-40.0,-62.0,0.0,0.0,0.0,0.0,0.0,0.0,0.0,0.0,0.0,-1348.0,-1353.0,890.0,0.0,0.0,0.0,0.0,0.0,0.0,0.0,0.0,0.0,0,0,,0.0,0.0,0.0,0.0,0.0,0.0,0.0,0.0,0.0,0.0,0.0,0.0,0.0,0.0,0.0,0.0,0.0,0.0,0.0,964042,1522314867450501481,,head_nod,head_pan,left_e0,left_e1,left_s0,left_s1,left_w0,left_w1,left_w2,right_e0,right_e1,right_s0,right_s1,right_w0,right_w1,right_w2,torso_t0,0.0,-0.101626227197,-0.596718526487,1.19305355778,-0.505830164805,-0.502378708032,0.653475815639,0.86861662114,-0.140359242092,0.90658264564,1.60070895216,-0.284553436153,-1.03121858466,-0.482053462593,1.12364092713,-0.208237891955,-12.5659871192,0.0,-0.0184568568364,0.0384845099993,-0.0259181393873,0.00431968989788,0.0117809724488,-0.00078539816325,0.00667588438763,0.00431968989788,-0.00746128255088,-0.0153152641834,0.00706858346925,-0.0149225651018,-0.006283185306,-0.00903207887738,-0.0015707963265,0.0,0.0,0.0,-10.508,-10.124,-0.652,-19.428,0.032,-0.212,0.176,10.26,-14.784,0.248,-19.468,-0.016,-0.188,-0.224,-20.48,0,0,/base,/head_1,1.20308735626,0.060810259049,0.489717210517,0.200926011075,0.622794311389,0.576508046022,0.48927952813,0,0,/base,/neck_1,1.26380053141,0.0115734512855,0.312797403818,0.200926011075,0.622794311389,0.576508046022,0.48927952813,0,0,/base,/torso_1,1.3219346676,-0.0397197002395,0.145072129763,0.196694065362,0.627929359587,0.567914156128,0.494458972301,0,0,/base,/left_shoulder_1,1.21059478488,0.110793412226,0.264019391379,0.12231218258,0.762387746578,0.178211557039,0.609955158022,0,0,/base,/left_elbow_1,1.15948195146,0.202145321601,0.0635273890536,0.013263271506,0.967518640454,0.215739951138,0.131103163527,0,0,/base,/left_hand_1,0.960435895245,0.219102418086,0.0123948738738,-0.507826260114,0.52037540413,-0.464935591907,0.505130501646,0,0,/base,/right_shoulder_1,1.31700627824,-0.0876465210784,0.361575415644,0.370233822911,-0.18701555669,0.80053583256,0.43254419279,0,0,/base,/right_elbow_1,1.40465699399,-0.225742045157,0.173506149577,0.545468293802,-0.254514436507,0.684034170823,0.412048535021,0,0,/base,/right_hand_1,1.4207476079,-0.296162791494,-0.0618396370776,-0.507826260114,0.52037540413,-0.464935591907,0.505130501646,0,0,/base,/left_hip_1,1.34308666259,-0.0220473277837,-0.0565576243405,0.30967346376,0.656245630533,0.658241232954,0.200405831972,0,0,/base,/left_knee_1,1.29037942537,-0.000479086828091,-0.421726341829,0.163137171702,0.687332292313,0.70652757654,0.0421825407134,0,0,/base,/left_foot_1,1.23186718041,0.0178543262316,-0.771764405474,-0.507826260114,0.52037540413,-0.464935591907,0.505130501646,0,0,/base,/right_hip_1,1.41705094517,-0.159978383361,0.0112513353492,0.182487501302,0.787577365675,0.586253117585,0.0522253488795,0,0,/base,/right_knee_1,1.33344793059,-0.250898944228,-0.337076960934,-0.116125178061,0.718818382663,0.60291736282,-0.326045594015,0,0,/base,/right_foot_1,1.25306052387,-0.338322539406,-0.672007938459,-0.507826260114,0.52037540413,-0.464935591907,0.505130501646,0,0,/base,left_hand,0.816861592922,0.213865983573,0.0950300195699,0.127342309316,0.987415800827,-0.00462390686287,0.0936621162525,0,0,/base,right_hand,0.622542310707,-0.524118658242,0.316545645972,-0.0744497215112,0.995833071027,-0.0239668115004,0.0468969675229
1522314867577170281,19144,1522314867539942979,,205614,1522314867536300897,0,133,42,103,50,75,326,79,214,206141,1522314867528935909,base,-191.0,8985.0,-9306.0,10053.0,0.0,0.0,0.0,0.0,0.0,0.0,0.0,0.0,0.0,-47.0,-17.0,-54.0,0.0,0.0,0.0,0.0,0.0,0.0,0.0,0.0,0.0,-1349.0,-1333.0,897.0,0.0,0.0,0.0,0.0,0.0,0.0,0.0,0.0,0.0,0,0,,0.0,0.0,0.0,0.0,0.0,0.0,0.0,0.0,0.0,0.0,0.0,0.0,0.0,0.0,0.0,0.0,0.0,0.0,0.0,964044,1522314867470497722,,head_nod,head_pan,left_e0,left_e1,left_s0,left_s1,left_w0,left_w1,left_w2,right_e0,right_e1,right_s0,right_s1,right_w0,right_w1,right_w2,torso_t0,0.0,-0.101626227197,-0.597102021684,1.19305355778,-0.505830164805,-0.502378708032,0.653475815639,0.868233125943,-0.140359242092,0.907349636034,1.60070895216,-0.284553436153,-1.03160207985,-0.482053462593,1.12364092713,-0.207854396758,-12.5659871192,0.0,-0.006283185306,0.0333794219381,0.0172787595915,-0.00078539816325,0.00981747704063,0.00746128255088,-0.0102101761223,-0.0121736715304,-0.0015707963265,0.000392699081625,-0.006283185306,0.00078539816325,-0.00078539816325,-0.0047123889795,0.00235619448975,0.0,0.0,0.0,-10.892,-10.156,-0.9,-19.492,0.04,-0.2,0.176,10.196,-14.784,0.248,-19.436,-0.024,-0.148,-0.232,-20.48,0,0,/base,/head_1,1.20308735626,0.060810259049,0.489717210517,0.200926011075,0.622794311389,0.576508046022,0.48927952813,0,0,/base,/neck_1,1.26380053141,0.0115734512855,0.312797403818,0.200926011075,0.622794311389,0.576508046022,0.48927952813,0,0,/base,/torso_1,1.3219346676,-0.0397197002395,0.145072129763,0.196694065362,0.627929359587,0.567914156128,0.494458972301,0,0,/base,/left_shoulder_1,1.21059478488,0.110793412226,0.264019391379,0.12231218258,0.762387746578,0.178211557039,0.609955158022,0,0,/base,/left_elbow_1,1.15948195146,0.202145321601,0.0635273890536,0.013263271506,0.967518640454,0.215739951138,0.131103163527,0,0,/base,/left_hand_1,0.960435895245,0.219102418086,0.0123948738738,-0.507826260114,0.52037540413,-0.464935591907,0.505130501646,0,0,/base,/right_shoulder_1,1.31700627824,-0.0876465210784,0.361575415644,0.370233822911,-0.18701555669,0.80053583256,0.43254419279,0,0,/base,/right_elbow_1,1.40465699399,-0.225742045157,0.173506149577,0.545468293802,-0.254514436507,0.684034170823,0.412048535021,0,0,/base,/right_hand_1,1.4207476079,-0.296162791494,-0.0618396370776,-0.507826260114,0.52037540413,-0.464935591907,0.505130501646,0,0,/base,/left_hip_1,1.34308666259,-0.0220473277837,-0.0565576243405,0.30967346376,0.656245630533,0.658241232954,0.200405831972,0,0,/base,/left_knee_1,1.29037942537,-0.000479086828091,-0.421726341829,0.163137171702,0.687332292313,0.70652757654,0.0421825407134,0,0,/base,/left_foot_1,1.23186718041,0.0178543262316,-0.771764405474,-0.507826260114,0.52037540413,-0.464935591907,0.505130501646,0,0,/base,/right_hip_1,1.41705094517,-0.159978383361,0.0112513353492,0.182487501302,0.787577365675,0.586253117585,0.0522253488795,0,0,/base,/right_knee_1,1.33344793059,-0.250898944228,-0.337076960934,-0.116125178061,0.718818382663,0.60291736282,-0.326045594015,0,0,/base,/right_foot_1,1.25306052387,-0.338322539406,-0.672007938459,-0.507826260114,0.52037540413,-0.464935591907,0.505130501646,0,0,/base,left_hand,0.816861592922,0.213865983573,0.0950300195699,0.127342309316,0.987415800827,-0.00462390686287,0.0936621162525,0,0,/base,right_hand,0.622542310707,-0.524118658242,0.316545645972,-0.0744497215112,0.995833071027,-0.0239668115004,0.0468969675229
1522314867577195813,19145,1522314867560398101,,205615,1522314867558840036,0,133,45,90,48,72,308,82,227,206142,1522314867543816089,base,-201.0,8987.0,-9308.0,10049.0,0.0,0.0,0.0,0.0,0.0,0.0,0.0,0.0,0.0,-53.0,-1.0,-61.0,0.0,0.0,0.0,0.0,0.0,0.0,0.0,0.0,0.0,-1367.0,-1302.0,864.0,0.0,0.0,0.0,0.0,0.0,0.0,0.0,0.0,0.0,0,0,,0.0,0.0,0.0,0.0,0.0,0.0,0.0,0.0,0.0,0.0,0.0,0.0,0.0,0.0,0.0,0.0,0.0,0.0,0.0,964046,1522314867490495218,,head_nod,head_pan,left_e0,left_e1,left_s0,left_s1,left_w0,left_w1,left_w2,right_e0,right_e1,right_s0,right_s1,right_w0,right_w1,right_w2,torso_t0,0.0,-0.101626227197,-0.596718526487,1.19458753857,-0.505446669608,-0.501995212836,0.653092320442,0.868233125943,-0.139592251698,0.907349636034,1.60070895216,-0.283786445759,-1.03160207985,-0.481669967396,1.12364092713,-0.208621387152,-12.5659871192,0.0,0.0047123889795,0.0235619448975,0.00863937979575,-0.0102101761223,0.00589048622438,-0.021991148571,0.0200276531629,0.00903207887738,0.00863937979575,0.0113882733671,-0.0106028752039,0.0015707963265,0.0,-0.0102101761223,-0.00117809724488,0.0,0.0,0.0,-10.86,-10.376,-0.808,-19.724,0.032,-0.26,0.184,10.228,-14.812,0.404,-19.436,-0.032,-0.168,-0.204,-20.48,0,0,/base,/head_1,1.20331935107,0.0604437479148,0.490125898993,0.203177044593,0.621105923533,0.575502600453,0.491673954135,0,0,/base,/neck_1,1.26408696689,0.0110120354391,0.31285599629,0.203177044593,0.621105923533,0.575502600453,0.491673954135,0,0,/base,/torso_1,1.32243520819,-0.0407226367614,0.145341131379,0.197980187512,0.626346351483,0.566413231799,0.49766469051,0,0,/base,/left_shoulder_1,1.21178675054,0.110615832778,0.263884112552,0.0965367829146,0.831753933727,0.185894120405,0.514110318193,0,0,/base,/left_elbow_1,1.12200952368,0.180362615789,0.101412804229,0.052900024165,0.931968588355,0.205325421515,0.294070755162,0,0,/base,/left_hand_1,0.947212598956,0.227041081929,-0.0106017749368,-0.507826260114,0.52037540413,-0.464935591907,0.505130501646,0,0,/base,/right_shoulder_1,1.31638724386,-0.0885917486966,0.36182787714,0.367959807979,-0.190550187334,0.800798739962,0.432455296989,0,0,/base,/right_elbow_1,1.40449180841,-0.22561691457,0.174758623762,0.544916573191,-0.255362969376,0.684462569654,0.411541823968,0,0,/base,/right_hand_1,1.42109706842,-0.295850047957,-0.0608083890781,-0.507826260114,0.52037540413,-0.464935591907,0.505130501646,0,0,/base,/left_hip_1,1.34443077945,-0.023224957196,-0.0562129945512,0.357004624693,0.634419047259,0.635477874183,0.257348094704,0,0,/base,/left_knee_1,1.29789919917,-0.000100581162,-0.42212486775,0.204262075206,0.680731782979,0.697940666965,0.0880912576284,0,0,/base,/left_foot_1,1.24277078584,0.0204000130979,-0.772591747187,-0.507826260114,0.52037540413,-0.464935591907,0.505130501646,0,0,/base,/right_hip_1,1.41713611972,-0.161689668344,0.011865527077,0.185564824144,0.785549496513,0.58780764465,0.0544045720383,0,0,/base,/right_knee_1,1.33302782873,-0.250422766141,-0.336899492595,-0.109270561549,0.720637192088,0.606640025715,-0.3173796795,0,0,/base,/right_foot_1,1.25306052387,-0.338322539406,-0.672007938459,-0.507826260114,0.52037540413,-0.464935591907,0.505130501646,0,0,/base,left_hand,0.816826027297,0.214636236565,0.0950746250066,0.127175631811,0.987443695516,-0.00435616540741,0.0936073217313,0,0,/base,right_hand,0.622729005369,-0.523641663692,0.316613986721,-0.0749175115258,0.995797761675,-0.0237436869204,0.0470151214135
1522314867581286761,19306,1522314867538369894,,205614,1522314867536300897,0,133,42,103,50,75,326,79,214,206141,1522314867528935909,base,-191.0,8985.0,-9306.0,10053.0,0.0,0.0,0.0,0.0,0.0,0.0,0.0,0.0,0.0,-47.0,-17.0,-54.0,0.0,0.0,0.0,0.0,0.0,0.0,0.0,0.0,0.0,-1349.0,-1333.0,897.0,0.0,0.0,0.0,0.0,0.0,0.0,0.0,0.0,0.0,0,0,,0.0,0.0,0.0,0.0,0.0,0.0,0.0,0.0,0.0,0.0,0.0,0.0,0.0,0.0,0.0,0.0,0.0,0.0,0.0,964044,1522314867470497722,,head_nod,head_pan,left_e0,left_e1,left_s0,left_s1,left_w0,left_w1,left_w2,right_e0,right_e1,right_s0,right_s1,right_w0,right_w1,right_w2,torso_t0,0.0,-0.101626227197,-0.597102021684,1.19305355778,-0.505830164805,-0.502378708032,0.653475815639,0.868233125943,-0.140359242092,0.907349636034,1.60070895216,-0.284553436153,-1.03160207985,-0.482053462593,1.12364092713,-0.207854396758,-12.5659871192,0.0,-0.006283185306,0.0333794219381,0.0172787595915,-0.00078539816325,0.00981747704063,0.00746128255088,-0.0102101761223,-0.0121736715304,-0.0015707963265,0.000392699081625,-0.006283185306,0.00078539816325,-0.00078539816325,-0.0047123889795,0.00235619448975,0.0,0.0,0.0,-10.892,-10.156,-0.9,-19.492,0.04,-0.2,0.176,10.196,-14.784,0.248,-19.436,-0.024,-0.148,-0.232,-20.48,0,0,/base,/head_1,1.20308735626,0.060810259049,0.489717210517,0.200926011075,0.622794311389,0.576508046022,0.48927952813,0,0,/base,/neck_1,1.26380053141,0.0115734512855,0.312797403818,0.200926011075,0.622794311389,0.576508046022,0.48927952813,0,0,/base,/torso_1,1.3219346676,-0.0397197002395,0.145072129763,0.196694065362,0.627929359587,0.567914156128,0.494458972301,0,0,/base,/left_shoulder_1,1.21059478488,0.110793412226,0.264019391379,0.12231218258,0.762387746578,0.178211557039,0.609955158022,0,0,/base,/left_elbow_1,1.15948195146,0.202145321601,0.0635273890536,0.013263271506,0.967518640454,0.215739951138,0.131103163527,0,0,/base,/left_hand_1,0.960435895245,0.219102418086,0.0123948738738,-0.507826260114,0.52037540413,-0.464935591907,0.505130501646,0,0,/base,/right_shoulder_1,1.31700627824,-0.0876465210784,0.361575415644,0.370233822911,-0.18701555669,0.80053583256,0.43254419279,0,0,/base,/right_elbow_1,1.40465699399,-0.225742045157,0.173506149577,0.545468293802,-0.254514436507,0.684034170823,0.412048535021,0,0,/base,/right_hand_1,1.4207476079,-0.296162791494,-0.0618396370776,-0.507826260114,0.52037540413,-0.464935591907,0.505130501646,0,0,/base,/left_hip_1,1.34308666259,-0.0220473277837,-0.0565576243405,0.30967346376,0.656245630533,0.658241232954,0.200405831972,0,0,/base,/left_knee_1,1.29037942537,-0.000479086828091,-0.421726341829,0.163137171702,0.687332292313,0.70652757654,0.0421825407134,0,0,/base,/left_foot_1,1.23186718041,0.0178543262316,-0.771764405474,-0.507826260114,0.52037540413,-0.464935591907,0.505130501646,0,0,/base,/right_hip_1,1.41705094517,-0.159978383361,0.0112513353492,0.182487501302,0.787577365675,0.586253117585,0.0522253488795,0,0,/base,/right_knee_1,1.33344793059,-0.250898944228,-0.337076960934,-0.116125178061,0.718818382663,0.60291736282,-0.326045594015,0,0,/base,/right_foot_1,1.25306052387,-0.338322539406,-0.672007938459,-0.507826260114,0.52037540413,-0.464935591907,0.505130501646,0,0,/base,left_hand,0.816861592922,0.213865983573,0.0950300195699,0.127342309316,0.987415800827,-0.00462390686287,0.0936621162525,0,0,/base,right_hand,0.622542310707,-0.524118658242,0.316545645972,-0.0744497215112,0.995833071027,-0.0239668115004,0.0468969675229
1522314867581303758,19307,1522314867562844038,,205615,1522314867558840036,0,133,45,90,48,72,308,82,227,206142,1522314867543816089,base,-201.0,8987.0,-9308.0,10049.0,0.0,0.0,0.0,0.0,0.0,0.0,0.0,0.0,0.0,-53.0,-1.0,-61.0,0.0,0.0,0.0,0.0,0.0,0.0,0.0,0.0,0.0,-1367.0,-1302.0,864.0,0.0,0.0,0.0,0.0,0.0,0.0,0.0,0.0,0.0,0,0,,0.0,0.0,0.0,0.0,0.0,0.0,0.0,0.0,0.0,0.0,0.0,0.0,0.0,0.0,0.0,0.0,0.0,0.0,0.0,964044,1522314867470497722,,head_nod,head_pan,left_e0,left_e1,left_s0,left_s1,left_w0,left_w1,left_w2,right_e0,right_e1,right_s0,right_s1,right_w0,right_w1,right_w2,torso_t0,0.0,-0.101626227197,-0.597102021684,1.19305355778,-0.505830164805,-0.502378708032,0.653475815639,0.868233125943,-0.140359242092,0.907349636034,1.60070895216,-0.284553436153,-1.03160207985,-0.482053462593,1.12364092713,-0.207854396758,-12.5659871192,0.0,-0.006283185306,0.0333794219381,0.0172787595915,-0.00078539816325,0.00981747704063,0.00746128255088,-0.0102101761223,-0.0121736715304,-0.0015707963265,0.000392699081625,-0.006283185306,0.00078539816325,-0.00078539816325,-0.0047123889795,0.00235619448975,0.0,0.0,0.0,-10.892,-10.156,-0.9,-19.492,0.04,-0.2,0.176,10.196,-14.784,0.248,-19.436,-0.024,-0.148,-0.232,-20.48,0,0,/base,/head_1,1.20331935107,0.0604437479148,0.490125898993,0.203177044593,0.621105923533,0.575502600453,0.491673954135,0,0,/base,/neck_1,1.26408696689,0.0110120354391,0.31285599629,0.203177044593,0.621105923533,0.575502600453,0.491673954135,0,0,/base,/torso_1,1.32243520819,-0.0407226367614,0.145341131379,0.197980187512,0.626346351483,0.566413231799,0.49766469051,0,0,/base,/left_shoulder_1,1.21178675054,0.110615832778,0.263884112552,0.0965367829146,0.831753933727,0.185894120405,0.514110318193,0,0,/base,/left_elbow_1,1.12200952368,0.180362615789,0.101412804229,0.052900024165,0.931968588355,0.205325421515,0.294070755162,0,0,/base,/left_hand_1,0.947212598956,0.227041081929,-0.0106017749368,-0.507826260114,0.52037540413,-0.464935591907,0.505130501646,0,0,/base,/right_shoulder_1,1.31638724386,-0.0885917486966,0.36182787714,0.367959807979,-0.190550187334,0.800798739962,0.432455296989,0,0,/base,/right_elbow_1,1.40449180841,-0.22561691457,0.174758623762,0.544916573191,-0.255362969376,0.684462569654,0.411541823968,0,0,/base,/right_hand_1,1.42109706842,-0.295850047957,-0.0608083890781,-0.507826260114,0.52037540413,-0.464935591907,0.505130501646,0,0,/base,/left_hip_1,1.34443077945,-0.023224957196,-0.0562129945512,0.357004624693,0.634419047259,0.635477874183,0.257348094704,0,0,/base,/left_knee_1,1.29789919917,-0.000100581162,-0.42212486775,0.204262075206,0.680731782979,0.697940666965,0.0880912576284,0,0,/base,/left_foot_1,1.24277078584,0.0204000130979,-0.772591747187,-0.507826260114,0.52037540413,-0.464935591907,0.505130501646,0,0,/base,/right_hip_1,1.41713611972,-0.161689668344,0.011865527077,0.185564824144,0.785549496513,0.58780764465,0.0544045720383,0,0,/base,/right_knee_1,1.33302782873,-0.250422766141,-0.336899492595,-0.109270561549,0.720637192088,0.606640025715,-0.3173796795,0,0,/base,/right_foot_1,1.25215459382,-0.335742997102,-0.672250371976,-0.507826260114,0.52037540413,-0.464935591907,0.505130501646,0,0,/base,left_hand,0.816826027297,0.214636236565,0.0950746250066,0.127175631811,0.987443695516,-0.00435616540741,0.0936073217313,0,0,/base,right_hand,0.622729005369,-0.523641663692,0.316613986721,-0.0749175115258,0.995797761675,-0.0237436869204,0.0470151214135
1522314867617150344,19146,1522314867572513103,,205615,1522314867558840036,0,133,45,90,48,72,308,82,227,206143,1522314867566350936,base,-213.0,8994.0,-9309.0,10041.0,0.0,0.0,0.0,0.0,0.0,0.0,0.0,0.0,0.0,-57.0,11.0,-52.0,0.0,0.0,0.0,0.0,0.0,0.0,0.0,0.0,0.0,-1360.0,-1352.0,821.0,0.0,0.0,0.0,0.0,0.0,0.0,0.0,0.0,0.0,0,0,,0.0,0.0,0.0,0.0,0.0,0.0,0.0,0.0,0.0,0.0,0.0,0.0,0.0,0.0,0.0,0.0,0.0,0.0,0.0,964046,1522314867490495218,,head_nod,head_pan,left_e0,left_e1,left_s0,left_s1,left_w0,left_w1,left_w2,right_e0,right_e1,right_s0,right_s1,right_w0,right_w1,right_w2,torso_t0,0.0,-0.101626227197,-0.596718526487,1.19458753857,-0.505446669608,-0.501995212836,0.653092320442,0.868233125943,-0.139592251698,0.907349636034,1.60070895216,-0.283786445759,-1.03160207985,-0.481669967396,1.12364092713,-0.208621387152,-12.5659871192,0.0,0.0047123889795,0.0235619448975,0.00863937979575,-0.0102101761223,0.00589048622438,-0.021991148571,0.0200276531629,0.00903207887738,0.00863937979575,0.0113882733671,-0.0106028752039,0.0015707963265,0.0,-0.0102101761223,-0.00117809724488,0.0,0.0,0.0,-10.86,-10.376,-0.808,-19.724,0.032,-0.26,0.184,10.228,-14.812,0.404,-19.436,-0.032,-0.168,-0.204,-20.48,0,0,/base,/head_1,1.20331935107,0.0604437479148,0.490125898993,0.203177044593,0.621105923533,0.575502600453,0.491673954135,0,0,/base,/neck_1,1.26408696689,0.0110120354391,0.31285599629,0.203177044593,0.621105923533,0.575502600453,0.491673954135,0,0,/base,/torso_1,1.32243520819,-0.0407226367614,0.145341131379,0.197980187512,0.626346351483,0.566413231799,0.49766469051,0,0,/base,/left_shoulder_1,1.21178675054,0.110615832778,0.263884112552,0.0965367829146,0.831753933727,0.185894120405,0.514110318193,0,0,/base,/left_elbow_1,1.12200952368,0.180362615789,0.101412804229,0.052900024165,0.931968588355,0.205325421515,0.294070755162,0,0,/base,/left_hand_1,0.947212598956,0.227041081929,-0.0106017749368,-0.507826260114,0.52037540413,-0.464935591907,0.505130501646,0,0,/base,/right_shoulder_1,1.31638724386,-0.0885917486966,0.36182787714,0.367959807979,-0.190550187334,0.800798739962,0.432455296989,0,0,/base,/right_elbow_1,1.40449180841,-0.22561691457,0.174758623762,0.544916573191,-0.255362969376,0.684462569654,0.411541823968,0,0,/base,/right_hand_1,1.42109706842,-0.295850047957,-0.0608083890781,-0.507826260114,0.52037540413,-0.464935591907,0.505130501646,0,0,/base,/left_hip_1,1.34443077945,-0.023224957196,-0.0562129945512,0.357004624693,0.634419047259,0.635477874183,0.257348094704,0,0,/base,/left_knee_1,1.29789919917,-0.000100581162,-0.42212486775,0.204262075206,0.680731782979,0.697940666965,0.0880912576284,0,0,/base,/left_foot_1,1.24277078584,0.0204000130979,-0.772591747187,-0.507826260114,0.52037540413,-0.464935591907,0.505130501646,0,0,/base,/right_hip_1,1.41713611972,-0.161689668344,0.011865527077,0.185564824144,0.785549496513,0.58780764465,0.0544045720383,0,0,/base,/right_knee_1,1.33302782873,-0.250422766141,-0.336899492595,-0.109270561549,0.720637192088,0.606640025715,-0.3173796795,0,0,/base,/right_foot_1,1.25215459382,-0.335742997102,-0.672250371976,-0.507826260114,0.52037540413,-0.464935591907,0.505130501646,0,0,/base,left_hand,0.815653120088,0.213795319542,0.0938482641509,0.128099322193,0.987469541419,-0.00459431914271,0.0920508590652,0,0,/base,right_hand,0.622552367007,-0.52423498916,0.316736960408,-0.0745272688449,0.995824457907,-0.0239674068133,0.0469563482664
1522314867617159228,19147,1522314867596261024,,205617,1522314867596111059,0,130,47,82,41,81,368,92,251,206144,1522314867588788986,base,-221.0,8997.0,-9312.0,10036.0,0.0,0.0,0.0,0.0,0.0,0.0,0.0,0.0,0.0,-34.0,6.0,-54.0,0.0,0.0,0.0,0.0,0.0,0.0,0.0,0.0,0.0,-1370.0,-1337.0,840.0,0.0,0.0,0.0,0.0,0.0,0.0,0.0,0.0,0.0,0,0,,0.0,0.0,0.0,0.0,0.0,0.0,0.0,0.0,0.0,0.0,0.0,0.0,0.0,0.0,0.0,0.0,0.0,0.0,0.0,964050,1522314867530495275,,head_nod,head_pan,left_e0,left_e1,left_s0,left_s1,left_w0,left_w1,left_w2,right_e0,right_e1,right_s0,right_s1,right_w0,right_w1,right_w2,torso_t0,0.0,-0.100859236803,-0.5951845457,1.19573802416,-0.505830164805,-0.500844727245,0.653475815639,0.86861662114,-0.140359242092,0.906966140837,1.60032545696,-0.284169940956,-1.03121858466,-0.481669967396,1.12364092713,-0.207854396758,-12.5659871192,0.0,-0.0192422549996,0.03141592653,0.0145298660201,0.006283185306,0.0294524311219,-0.00274889357138,-0.0204203522445,0.00510508806113,-0.0047123889795,-0.0137444678569,0.0078539816325,0.0129590696936,-0.0078539816325,0.00981747704063,-0.0231692458159,0.0,0.0,0.0,-10.38,-10.632,-0.652,-20.016,0.06,-0.26,0.148,10.292,-14.632,0.436,-19.496,0.0,-0.22,-0.224,-20.48,0,0,/base,/head_1,1.20415177349,0.0583199326431,0.490545869957,0.203523698113,0.620602884754,0.57620132794,0.49134732463,0,0,/base,/neck_1,1.26485728599,0.00931829273242,0.313409030103,0.203523698113,0.620602884754,0.57620132794,0.49134732463,0,0,/base,/torso_1,1.32281972562,-0.0411980347492,0.14538986288,0.200019905102,0.625220800353,0.568602039147,0.495764772293,0,0,/base,/left_shoulder_1,1.21229295956,0.109182824063,0.265256890646,0.130272521933,0.717539281643,0.176596537883,0.66104471266,0,0,/base,/left_elbow_1,1.19169049234,0.203233246426,0.0633347741882,-0.00858001096124,0.973251317628,0.219279797583,0.0680046065984,0,0,/base,/left_hand_1,0.988607925347,0.205923587675,0.0354260853676,-0.507826260114,0.52037540413,-0.464935591907,0.505130501646,0,0,/base,/right_shoulder_1,1.31742167383,-0.0905462223792,0.361561182088,0.367587475053,-0.191053347781,0.801553184161,0.431150274785,0,0,/base,/right_elbow_1,1.4056547944,-0.226286306826,0.175711169882,0.546286851956,-0.254656291971,0.683946886123,0.411020078954,0,0,/base,/right_hand_1,1.42172416925,-0.296210948777,-0.0598158222565,-0.507826260114,0.52037540413,-0.464935591907,0.505130501646,0,0,/base,/left_hip_1,1.3442458178,-0.022300767647,-0.0560987804895,0.393218830431,0.613991425581,0.614295602123,0.301719064562,0,0,/base,/left_knee_1,1.30278728116,0.00133784594796,-0.422587242405,0.240595066384,0.672511061013,0.687874341098,0.129119238324,0,0,/base,/left_foot_1,1.25091413096,0.0234112409748,-0.773455293752,-0.507826260114,0.52037540413,-0.464935591907,0.505130501646,0,0,/base,/right_hip_1,1.41731851179,-0.161127956023,0.0108401565907,0.185014034678,0.785311814428,0.588369023179,0.0536381734812,0,0,/base,/right_knee_1,1.3332508159,-0.249524901626,-0.338024569469,-0.114780317912,0.717551971065,0.605998213934,-0.323590500709,0,0,/base,/right_foot_1,1.25241669137,-0.334521908912,-0.673471378448,-0.507826260114,0.52037540413,-0.464935591907,0.505130501646,0,0,/base,left_hand,0.815220567908,0.21421021206,0.0929070212372,0.12767218305,0.987573306797,-0.00444278583016,0.0915370910175,0,0,/base,right_hand,0.622848101268,-0.523728710865,0.316743037934,-0.0744562004944,0.995823200779,-0.0237824327733,0.047189224294
1522314867621137140,19308,1522314867582528114,,205616,1522314867581217050,0,148,48,88,45,82,350,82,258,206143,1522314867566350936,base,-213.0,8994.0,-9309.0,10041.0,0.0,0.0,0.0,0.0,0.0,0.0,0.0,0.0,0.0,-57.0,11.0,-52.0,0.0,0.0,0.0,0.0,0.0,0.0,0.0,0.0,0.0,-1360.0,-1352.0,821.0,0.0,0.0,0.0,0.0,0.0,0.0,0.0,0.0,0.0,0,0,,0.0,0.0,0.0,0.0,0.0,0.0,0.0,0.0,0.0,0.0,0.0,0.0,0.0,0.0,0.0,0.0,0.0,0.0,0.0,964049,1522314867520466052,,head_nod,head_pan,left_e0,left_e1,left_s0,left_s1,left_w0,left_w1,left_w2,right_e0,right_e1,right_s0,right_s1,right_w0,right_w1,right_w2,torso_t0,0.0,-0.101242732,-0.595568040897,1.19612151935,-0.505830164805,-0.501611717639,0.653475815639,0.86861662114,-0.140359242092,0.90658264564,1.60070895216,-0.283786445759,-1.03160207985,-0.482053462593,1.12402442232,-0.208237891955,-12.5659871192,0.0,-0.00431968989788,0.012566370612,0.0106028752039,-0.003141592653,0.0259181393873,-0.00196349540813,0.0113882733671,-0.006283185306,-0.0121736715304,-0.00117809724488,-0.00510508806113,0.0133517687753,-0.00981747704063,-0.00706858346925,0.006283185306,0.0,0.0,0.0,-10.508,-10.504,-0.684,-19.984,0.04,-0.28,0.176,10.168,-14.664,0.308,-19.436,-0.024,-0.24,-0.212,-20.48,0,0,/base,/head_1,1.20415177349,0.0583199326431,0.490545869957,0.203523698113,0.620602884754,0.57620132794,0.49134732463,0,0,/base,/neck_1,1.26485728599,0.00931829273242,0.313409030103,0.203523698113,0.620602884754,0.57620132794,0.49134732463,0,0,/base,/torso_1,1.32281972562,-0.0411980347492,0.14538986288,0.200019905102,0.625220800353,0.568602039147,0.495764772293,0,0,/base,/left_shoulder_1,1.21229295956,0.109182824063,0.265256890646,0.130272521933,0.717539281643,0.176596537883,0.66104471266,0,0,/base,/left_elbow_1,1.19169049234,0.203233246426,0.0633347741882,-0.00858001096124,0.973251317628,0.219279797583,0.0680046065984,0,0,/base,/left_hand_1,0.988607925347,0.205923587675,0.0354260853676,-0.507826260114,0.52037540413,-0.464935591907,0.505130501646,0,0,/base,/right_shoulder_1,1.31742167383,-0.0905462223792,0.361561182088,0.367587475053,-0.191053347781,0.801553184161,0.431150274785,0,0,/base,/right_elbow_1,1.4056547944,-0.226286306826,0.175711169882,0.546286851956,-0.254656291971,0.683946886123,0.411020078954,0,0,/base,/right_hand_1,1.42172416925,-0.296210948777,-0.0598158222565,-0.507826260114,0.52037540413,-0.464935591907,0.505130501646,0,0,/base,/left_hip_1,1.3442458178,-0.022300767647,-0.0560987804895,0.393218830431,0.613991425581,0.614295602123,0.301719064562,0,0,/base,/left_knee_1,1.30278728116,0.00133784594796,-0.422587242405,0.240595066384,0.672511061013,0.687874341098,0.129119238324,0,0,/base,/left_foot_1,1.25091413096,0.0234112409748,-0.773455293752,-0.507826260114,0.52037540413,-0.464935591907,0.505130501646,0,0,/base,/right_hip_1,1.41731851179,-0.161127956023,0.0108401565907,0.185014034678,0.785311814428,0.588369023179,0.0536381734812,0,0,/base,/right_knee_1,1.3332508159,-0.249524901626,-0.338024569469,-0.114780317912,0.717551971065,0.605998213934,-0.323590500709,0,0,/base,/right_foot_1,1.25241669137,-0.334521908912,-0.673471378448,-0.507826260114,0.52037540413,-0.464935591907,0.505130501646,0,0,/base,left_hand,0.815653120088,0.213795319542,0.0938482641509,0.128099322193,0.987469541419,-0.00459431914271,0.0920508590652,0,0,/base,right_hand,0.622552367007,-0.52423498916,0.316736960408,-0.0745272688449,0.995824457907,-0.0239674068133,0.0469563482664
1522314867621144943,19309,1522314867600409984,,205617,1522314867596111059,0,130,47,82,41,81,368,92,251,206144,1522314867588788986,base,-221.0,8997.0,-9312.0,10036.0,0.0,0.0,0.0,0.0,0.0,0.0,0.0,0.0,0.0,-34.0,6.0,-54.0,0.0,0.0,0.0,0.0,0.0,0.0,0.0,0.0,0.0,-1370.0,-1337.0,840.0,0.0,0.0,0.0,0.0,0.0,0.0,0.0,0.0,0.0,0,0,,0.0,0.0,0.0,0.0,0.0,0.0,0.0,0.0,0.0,0.0,0.0,0.0,0.0,0.0,0.0,0.0,0.0,0.0,0.0,964049,1522314867520466052,,head_nod,head_pan,left_e0,left_e1,left_s0,left_s1,left_w0,left_w1,left_w2,right_e0,right_e1,right_s0,right_s1,right_w0,right_w1,right_w2,torso_t0,0.0,-0.101242732,-0.595568040897,1.19612151935,-0.505830164805,-0.501611717639,0.653475815639,0.86861662114,-0.140359242092,0.90658264564,1.60070895216,-0.283786445759,-1.03160207985,-0.482053462593,1.12402442232,-0.208237891955,-12.5659871192,0.0,-0.00431968989788,0.012566370612,0.0106028752039,-0.003141592653,0.0259181393873,-0.00196349540813,0.0113882733671,-0.006283185306,-0.0121736715304,-0.00117809724488,-0.00510508806113,0.0133517687753,-0.00981747704063,-0.00706858346925,0.006283185306,0.0,0.0,0.0,-10.508,-10.504,-0.684,-19.984,0.04,-0.28,0.176,10.168,-14.664,0.308,-19.436,-0.024,-0.24,-0.212,-20.48,0,0,/base,/head_1,1.20415177349,0.0583199326431,0.490545869957,0.203523698113,0.620602884754,0.57620132794,0.49134732463,0,0,/base,/neck_1,1.26485728599,0.00931829273242,0.313409030103,0.203523698113,0.620602884754,0.57620132794,0.49134732463,0,0,/base,/torso_1,1.32281972562,-0.0411980347492,0.14538986288,0.200019905102,0.625220800353,0.568602039147,0.495764772293,0,0,/base,/left_shoulder_1,1.21229295956,0.109182824063,0.265256890646,0.130272521933,0.717539281643,0.176596537883,0.66104471266,0,0,/base,/left_elbow_1,1.19169049234,0.203233246426,0.0633347741882,-0.00858001096124,0.973251317628,0.219279797583,0.0680046065984,0,0,/base,/left_hand_1,0.988607925347,0.205923587675,0.0354260853676,-0.507826260114,0.52037540413,-0.464935591907,0.505130501646,0,0,/base,/right_shoulder_1,1.31742167383,-0.0905462223792,0.361561182088,0.367587475053,-0.191053347781,0.801553184161,0.431150274785,0,0,/base,/right_elbow_1,1.4056547944,-0.226286306826,0.175711169882,0.546286851956,-0.254656291971,0.683946886123,0.411020078954,0,0,/base,/right_hand_1,1.42172416925,-0.296210948777,-0.0598158222565,-0.507826260114,0.52037540413,-0.464935591907,0.505130501646,0,0,/base,/left_hip_1,1.3442458178,-0.022300767647,-0.0560987804895,0.393218830431,0.613991425581,0.614295602123,0.301719064562,0,0,/base,/left_knee_1,1.30278728116,0.00133784594796,-0.422587242405,0.240595066384,0.672511061013,0.687874341098,0.129119238324,0,0,/base,/left_foot_1,1.25091413096,0.0234112409748,-0.773455293752,-0.507826260114,0.52037540413,-0.464935591907,0.505130501646,0,0,/base,/right_hip_1,1.41731851179,-0.161127956023,0.0108401565907,0.185014034678,0.785311814428,0.588369023179,0.0536381734812,0,0,/base,/right_knee_1,1.3332508159,-0.249524901626,-0.338024569469,-0.114780317912,0.717551971065,0.605998213934,-0.323590500709,0,0,/base,/right_foot_1,1.25241669137,-0.334521908912,-0.673471378448,-0.507826260114,0.52037540413,-0.464935591907,0.505130501646,0,0,/base,left_hand,0.815220567908,0.21421021206,0.0929070212372,0.12767218305,0.987573306797,-0.00444278583016,0.0915370910175,0,0,/base,right_hand,0.622848101268,-0.523728710865,0.316743037934,-0.0744562004944,0.995823200779,-0.0237824327733,0.047189224294
1522314867657140974,19148,1522314867618889093,,205618,1522314867618737936,0,129,51,84,42,95,357,103,241,206145,1522314867603717088,base,-227.0,8997.0,-9314.0,10034.0,0.0,0.0,0.0,0.0,0.0,0.0,0.0,0.0,0.0,-25.0,-18.0,-62.0,0.0,0.0,0.0,0.0,0.0,0.0,0.0,0.0,0.0,-1385.0,-1272.0,831.0,0.0,0.0,0.0,0.0,0.0,0.0,0.0,0.0,0.0,0,0,,0.0,0.0,0.0,0.0,0.0,0.0,0.0,0.0,0.0,0.0,0.0,0.0,0.0,0.0,0.0,0.0,0.0,0.0,0.0,964051,1522314867540496678,,head_nod,head_pan,left_e0,left_e1,left_s0,left_s1,left_w0,left_w1,left_w2,right_e0,right_e1,right_s0,right_s1,right_w0,right_w1,right_w2,torso_t0,0.0,-0.101242732,-0.595951536093,1.19458753857,-0.505446669608,-0.500844727245,0.653859310836,0.86861662114,-0.139975746895,0.90658264564,1.60032545696,-0.284553436153,-1.03121858466,-0.481669967396,1.12287393673,-0.207854396758,-12.5659871192,0.0,0.0239546439791,0.040840704489,0.0113882733671,-0.00863937979575,0.0113882733671,0.0133517687753,-0.0129590696936,0.00431968989788,0.0117809724488,-0.0129590696936,-0.0243473430608,0.00903207887738,-0.006283185306,-0.0247400421424,-0.00667588438763,0.0,0.0,0.0,-10.668,-10.728,-0.62,-20.116,0.04,-0.252,0.168,10.292,-14.664,0.372,-19.496,0.008,-0.18,-0.212,-20.48,0,0,/base,/head_1,1.20522910444,0.0590895009865,0.491416361266,0.203393336048,0.622770257351,0.57626090785,0.488581337645,0,0,/base,/neck_1,1.26537157866,0.00994513873005,0.31348579815,0.203393336048,0.622770257351,0.57626090785,0.488581337645,0,0,/base,/torso_1,1.32299579962,-0.0410883798851,0.14550606583,0.198611340148,0.627655195434,0.567865069982,0.494096906997,0,0,/base,/left_shoulder_1,1.21226398389,0.109390681735,0.26506165727,0.10538308315,0.812307348111,0.1819895558,0.543995385616,0,0,/base,/left_elbow_1,1.13771804613,0.18070754557,0.101758570533,0.0439975796721,0.940640794938,0.205645305455,0.266400293215,0,0,/base,/left_hand_1,0.960716170961,0.220563433194,0.0016570432994,-0.507826260114,0.52037540413,-0.464935591907,0.505130501646,0,0,/base,/right_shoulder_1,1.31847917344,-0.0895004042748,0.36190993903,0.367488763615,-0.187520231901,0.802698927528,0.430653692647,0,0,/base,/right_elbow_1,1.40657661485,-0.225347151113,0.177488739974,0.548664392313,-0.252559823771,0.684173990505,0.408762609274,0,0,/base,/right_hand_1,1.42231350316,-0.294994267445,-0.0587678343049,-0.507826260114,0.52037540413,-0.464935591907,0.505130501646,0,0,/base,/left_hip_1,1.34370614937,-0.0229995328084,-0.0561321835153,0.421023347159,0.595811941326,0.595511337918,0.336323829265,0,0,/base,/left_knee_1,1.30632944006,0.000575716789859,-0.423063518536,0.272645413593,0.663287476038,0.676947867316,0.165697880234,0,0,/base,/left_foot_1,1.25752070926,0.0237414027477,-0.774300639167,-0.507826260114,0.52037540413,-0.464935591907,0.505130501646,0,0,/base,/right_hip_1,1.41753389249,-0.161244257368,0.011184866154,0.182977722158,0.785417880711,0.589001510682,0.0521068735149,0,0,/base,/right_knee_1,1.33399183944,-0.249645132526,-0.33780712011,-0.115057813303,0.717893248629,0.605941726031,-0.32283991052,0,0,/base,/right_foot_1,1.25366296041,-0.334645915715,-0.673376319813,-0.507826260114,0.52037540413,-0.464935591907,0.505130501646,0,0,/base,left_hand,0.815220567908,0.21421021206,0.0929070212372,0.12767218305,0.987573306797,-0.00444278583016,0.0915370910175,0,0,/base,right_hand,0.622848101268,-0.523728710865,0.316743037934,-0.0744562004944,0.995823200779,-0.0237824327733,0.047189224294
1522314867657152202,19149,1522314867638272047,,205618,1522314867618737936,0,129,51,84,42,95,357,103,241,206146,1522314867626303911,base,-238.0,9004.0,-9308.0,10033.0,0.0,0.0,0.0,0.0,0.0,0.0,0.0,0.0,0.0,-95.0,-7.0,-39.0,0.0,0.0,0.0,0.0,0.0,0.0,0.0,0.0,0.0,-1349.0,-1258.0,811.0,0.0,0.0,0.0,0.0,0.0,0.0,0.0,0.0,0.0,0,0,,0.0,0.0,0.0,0.0,0.0,0.0,0.0,0.0,0.0,0.0,0.0,0.0,0.0,0.0,0.0,0.0,0.0,0.0,0.0,964054,1522314867570493192,,head_nod,head_pan,left_e0,left_e1,left_s0,left_s1,left_w0,left_w1,left_w2,right_e0,right_e1,right_s0,right_s1,right_w0,right_w1,right_w2,torso_t0,0.0,-0.101242732,-0.594417555306,1.19497103376,-0.505446669608,-0.500461232048,0.653475815639,0.869000116337,-0.140359242092,0.907349636034,1.60147594255,-0.284169940956,-1.03083508946,-0.481669967396,1.12364092713,-0.207087406365,-12.5659871192,0.0,-0.00981747704063,0.0223838476526,0.000392699081625,-0.0078539816325,0.012566370612,0.012566370612,0.018849555918,-0.00706858346925,0.0113882733671,0.0137444678569,0.006283185306,0.0109955742855,0.0,0.00196349540813,0.00235619448975,0.0,0.0,0.0,-10.668,-10.788,-0.56,-20.18,0.024,-0.308,0.168,10.388,-14.872,0.372,-19.556,0.0,-0.1,-0.212,-20.48,0,0,/base,/head_1,1.20522910444,0.0590895009865,0.491416361266,0.203393336048,0.622770257351,0.57626090785,0.488581337645,0,0,/base,/neck_1,1.26537157866,0.00994513873005,0.31348579815,0.203393336048,0.622770257351,0.57626090785,0.488581337645,0,0,/base,/torso_1,1.32299579962,-0.0410883798851,0.14550606583,0.198611340148,0.627655195434,0.567865069982,0.494096906997,0,0,/base,/left_shoulder_1,1.21226398389,0.109390681735,0.26506165727,0.10538308315,0.812307348111,0.1819895558,0.543995385616,0,0,/base,/left_elbow_1,1.13771804613,0.18070754557,0.101758570533,0.0439975796721,0.940640794938,0.205645305455,0.266400293215,0,0,/base,/left_hand_1,0.960716170961,0.220563433194,0.0016570432994,-0.507826260114,0.52037540413,-0.464935591907,0.505130501646,0,0,/base,/right_shoulder_1,1.31847917344,-0.0895004042748,0.36190993903,0.367488763615,-0.187520231901,0.802698927528,0.430653692647,0,0,/base,/right_elbow_1,1.40657661485,-0.225347151113,0.177488739974,0.548664392313,-0.252559823771,0.684173990505,0.408762609274,0,0,/base,/right_hand_1,1.42231350316,-0.294994267445,-0.0587678343049,-0.507826260114,0.52037540413,-0.464935591907,0.505130501646,0,0,/base,/left_hip_1,1.34370614937,-0.0229995328084,-0.0561321835153,0.421023347159,0.595811941326,0.595511337918,0.336323829265,0,0,/base,/left_knee_1,1.30632944006,0.000575716789859,-0.423063518536,0.272645413593,0.663287476038,0.676947867316,0.165697880234,0,0,/base,/left_foot_1,1.25752070926,0.0237414027477,-0.774300639167,-0.507826260114,0.52037540413,-0.464935591907,0.505130501646,0,0,/base,/right_hip_1,1.41753389249,-0.161244257368,0.011184866154,0.182977722158,0.785417880711,0.589001510682,0.0521068735149,0,0,/base,/right_knee_1,1.33399183944,-0.249645132526,-0.33780712011,-0.115057813303,0.717893248629,0.605941726031,-0.32283991052,0,0,/base,/right_foot_1,1.25366296041,-0.334645915715,-0.673376319813,-0.507826260114,0.52037540413,-0.464935591907,0.505130501646,0,0,/base,left_hand,0.815172242953,0.213983198644,0.0926809836053,0.128362290367,0.987505518329,-0.00412936515631,0.0913176983168,0,0,/base,right_hand,0.62285040856,-0.524278980796,0.316880809088,-0.0742159701445,0.995822790465,-0.0243640134968,0.0472795369367
1522314867661735389,19310,1522314867622364044,,205618,1522314867618737936,0,129,51,84,42,95,357,103,241,206145,1522314867603717088,base,-227.0,8997.0,-9314.0,10034.0,0.0,0.0,0.0,0.0,0.0,0.0,0.0,0.0,0.0,-25.0,-18.0,-62.0,0.0,0.0,0.0,0.0,0.0,0.0,0.0,0.0,0.0,-1385.0,-1272.0,831.0,0.0,0.0,0.0,0.0,0.0,0.0,0.0,0.0,0.0,0,0,,0.0,0.0,0.0,0.0,0.0,0.0,0.0,0.0,0.0,0.0,0.0,0.0,0.0,0.0,0.0,0.0,0.0,0.0,0.0,964053,1522314867560453717,,head_nod,head_pan,left_e0,left_e1,left_s0,left_s1,left_w0,left_w1,left_w2,right_e0,right_e1,right_s0,right_s1,right_w0,right_w1,right_w2,torso_t0,0.0,-0.101242732,-0.594801050503,1.19535452896,-0.506597155199,-0.500461232048,0.653859310836,0.869000116337,-0.139592251698,0.906966140837,1.59994196176,-0.284553436153,-1.03121858466,-0.482820452987,1.12364092713,-0.207470901562,-12.5659871192,0.0,-0.00117809724488,0.0278816347954,0.0196349540813,-0.00746128255088,0.0223838476526,-0.0121736715304,0.0149225651018,-0.0200276531629,0.006283185306,0.00549778714275,0.00510508806113,0.0102101761223,-0.003141592653,-0.0192422549996,0.00274889357138,0.0,0.0,0.0,-10.828,-10.788,-0.62,-20.116,0.06,-0.28,0.148,10.292,-14.784,0.372,-19.496,0.016,-0.12,-0.224,-20.48,0,0,/base,/head_1,1.20522910444,0.0590895009865,0.491416361266,0.203393336048,0.622770257351,0.57626090785,0.488581337645,0,0,/base,/neck_1,1.26537157866,0.00994513873005,0.31348579815,0.203393336048,0.622770257351,0.57626090785,0.488581337645,0,0,/base,/torso_1,1.32299579962,-0.0410883798851,0.14550606583,0.198611340148,0.627655195434,0.567865069982,0.494096906997,0,0,/base,/left_shoulder_1,1.21226398389,0.109390681735,0.26506165727,0.10538308315,0.812307348111,0.1819895558,0.543995385616,0,0,/base,/left_elbow_1,1.13771804613,0.18070754557,0.101758570533,0.0439975796721,0.940640794938,0.205645305455,0.266400293215,0,0,/base,/left_hand_1,0.960716170961,0.220563433194,0.0016570432994,-0.507826260114,0.52037540413,-0.464935591907,0.505130501646,0,0,/base,/right_shoulder_1,1.31847917344,-0.0895004042748,0.36190993903,0.367488763615,-0.187520231901,0.802698927528,0.430653692647,0,0,/base,/right_elbow_1,1.40657661485,-0.225347151113,0.177488739974,0.548664392313,-0.252559823771,0.684173990505,0.408762609274,0,0,/base,/right_hand_1,1.42231350316,-0.294994267445,-0.0587678343049,-0.507826260114,0.52037540413,-0.464935591907,0.505130501646,0,0,/base,/left_hip_1,1.34370614937,-0.0229995328084,-0.0561321835153,0.421023347159,0.595811941326,0.595511337918,0.336323829265,0,0,/base,/left_knee_1,1.30632944006,0.000575716789859,-0.423063518536,0.272645413593,0.663287476038,0.676947867316,0.165697880234,0,0,/base,/left_foot_1,1.25752070926,0.0237414027477,-0.774300639167,-0.507826260114,0.52037540413,-0.464935591907,0.505130501646,0,0,/base,/right_hip_1,1.41753389249,-0.161244257368,0.011184866154,0.182977722158,0.785417880711,0.589001510682,0.0521068735149,0,0,/base,/right_knee_1,1.33399183944,-0.249645132526,-0.33780712011,-0.115057813303,0.717893248629,0.605941726031,-0.32283991052,0,0,/base,/right_foot_1,1.25366296041,-0.334645915715,-0.673376319813,-0.507826260114,0.52037540413,-0.464935591907,0.505130501646,0,0,/base,left_hand,0.815220567908,0.21421021206,0.0929070212372,0.12767218305,0.987573306797,-0.00444278583016,0.0915370910175,0,0,/base,right_hand,0.622848101268,-0.523728710865,0.316743037934,-0.0744562004944,0.995823200779,-0.0237824327733,0.047189224294
1522314867661742179,19311,1522314867641352891,,205619,1522314867641222953,0,127,53,84,44,102,368,105,289,206146,1522314867626303911,base,-238.0,9004.0,-9308.0,10033.0,0.0,0.0,0.0,0.0,0.0,0.0,0.0,0.0,0.0,-95.0,-7.0,-39.0,0.0,0.0,0.0,0.0,0.0,0.0,0.0,0.0,0.0,-1349.0,-1258.0,811.0,0.0,0.0,0.0,0.0,0.0,0.0,0.0,0.0,0.0,0,0,,0.0,0.0,0.0,0.0,0.0,0.0,0.0,0.0,0.0,0.0,0.0,0.0,0.0,0.0,0.0,0.0,0.0,0.0,0.0,964054,1522314867570493192,,head_nod,head_pan,left_e0,left_e1,left_s0,left_s1,left_w0,left_w1,left_w2,right_e0,right_e1,right_s0,right_s1,right_w0,right_w1,right_w2,torso_t0,0.0,-0.101242732,-0.594417555306,1.19497103376,-0.505446669608,-0.500461232048,0.653475815639,0.869000116337,-0.140359242092,0.907349636034,1.60147594255,-0.284169940956,-1.03083508946,-0.481669967396,1.12364092713,-0.207087406365,-12.5659871192,0.0,-0.00981747704063,0.0223838476526,0.000392699081625,-0.0078539816325,0.012566370612,0.012566370612,0.018849555918,-0.00706858346925,0.0113882733671,0.0137444678569,0.006283185306,0.0109955742855,0.0,0.00196349540813,0.00235619448975,0.0,0.0,0.0,-10.668,-10.788,-0.56,-20.18,0.024,-0.308,0.168,10.388,-14.872,0.372,-19.556,0.0,-0.1,-0.212,-20.48,0,0,/base,/head_1,1.20522910444,0.0590895009865,0.491416361266,0.203393336048,0.622770257351,0.57626090785,0.488581337645,0,0,/base,/neck_1,1.26537157866,0.00994513873005,0.31348579815,0.203393336048,0.622770257351,0.57626090785,0.488581337645,0,0,/base,/torso_1,1.32299579962,-0.0410883798851,0.14550606583,0.198611340148,0.627655195434,0.567865069982,0.494096906997,0,0,/base,/left_shoulder_1,1.21226398389,0.109390681735,0.26506165727,0.10538308315,0.812307348111,0.1819895558,0.543995385616,0,0,/base,/left_elbow_1,1.13771804613,0.18070754557,0.101758570533,0.0439975796721,0.940640794938,0.205645305455,0.266400293215,0,0,/base,/left_hand_1,0.960716170961,0.220563433194,0.0016570432994,-0.507826260114,0.52037540413,-0.464935591907,0.505130501646,0,0,/base,/right_shoulder_1,1.31847917344,-0.0895004042748,0.36190993903,0.367488763615,-0.187520231901,0.802698927528,0.430653692647,0,0,/base,/right_elbow_1,1.40657661485,-0.225347151113,0.177488739974,0.548664392313,-0.252559823771,0.684173990505,0.408762609274,0,0,/base,/right_hand_1,1.42231350316,-0.294994267445,-0.0587678343049,-0.507826260114,0.52037540413,-0.464935591907,0.505130501646,0,0,/base,/left_hip_1,1.34370614937,-0.0229995328084,-0.0561321835153,0.421023347159,0.595811941326,0.595511337918,0.336323829265,0,0,/base,/left_knee_1,1.30632944006,0.000575716789859,-0.423063518536,0.272645413593,0.663287476038,0.676947867316,0.165697880234,0,0,/base,/left_foot_1,1.25752070926,0.0237414027477,-0.774300639167,-0.507826260114,0.52037540413,-0.464935591907,0.505130501646,0,0,/base,/right_hip_1,1.41753389249,-0.161244257368,0.011184866154,0.182977722158,0.785417880711,0.589001510682,0.0521068735149,0,0,/base,/right_knee_1,1.33399183944,-0.249645132526,-0.33780712011,-0.115057813303,0.717893248629,0.605941726031,-0.32283991052,0,0,/base,/right_foot_1,1.25366296041,-0.334645915715,-0.673376319813,-0.507826260114,0.52037540413,-0.464935591907,0.505130501646,0,0,/base,left_hand,0.815172242953,0.213983198644,0.0926809836053,0.128362290367,0.987505518329,-0.00412936515631,0.0913176983168,0,0,/base,right_hand,0.62285040856,-0.524278980796,0.316880809088,-0.0742159701445,0.995822790465,-0.0243640134968,0.0472795369367
1522314867697204420,19150,1522314867656153917,,205619,1522314867641222953,0,127,53,84,44,102,368,105,289,206147,1522314867648699045,base,-252.0,9017.0,-9300.0,10028.0,0.0,0.0,0.0,0.0,0.0,0.0,0.0,0.0,0.0,-126.0,18.0,-37.0,0.0,0.0,0.0,0.0,0.0,0.0,0.0,0.0,0.0,-1364.0,-1322.0,841.0,0.0,0.0,0.0,0.0,0.0,0.0,0.0,0.0,0.0,0,0,,0.0,0.0,0.0,0.0,0.0,0.0,0.0,0.0,0.0,0.0,0.0,0.0,0.0,0.0,0.0,0.0,0.0,0.0,0.0,964056,1522314867590455545,,head_nod,head_pan,left_e0,left_e1,left_s0,left_s1,left_w0,left_w1,left_w2,right_e0,right_e1,right_s0,right_s1,right_w0,right_w1,right_w2,torso_t0,0.0,-0.101626227197,-0.594417555306,1.19573802416,-0.505830164805,-0.499694241654,0.653859310836,0.868233125943,-0.139975746895,0.906966140837,1.60070895216,-0.284553436153,-1.03045159426,-0.482053462593,1.12364092713,-0.207854396758,-12.5659871192,0.0,0.0,0.0231692458159,0.0223838476526,-0.00078539816325,0.0243473430608,0.00274889357138,-0.0196349540813,0.0113882733671,0.000392699081625,-0.00431968989788,-0.0161006623466,-0.0117809724488,0.0015707963265,-0.003141592653,-0.0015707963265,0.0,0.0,0.0,-10.636,-10.82,-0.684,-20.376,0.06,-0.28,0.176,10.292,-14.872,0.436,-19.496,-0.032,-0.148,-0.232,-20.48,0,0,/base,/head_1,1.20634964161,0.058307829045,0.493529170762,0.205090983331,0.62142449153,0.576033619603,0.489851568304,0,0,/base,/neck_1,1.26644758977,0.00931652210531,0.315478473754,0.205090983331,0.62142449153,0.576033619603,0.489851568304,0,0,/base,/torso_1,1.32324548826,-0.0411925849609,0.147060402646,0.202272492719,0.626681160666,0.567821529311,0.493898038472,0,0,/base,/left_shoulder_1,1.2136521467,0.109244525509,0.267711075153,0.133818932916,0.709487655376,0.183418064331,0.667141344648,0,0,/base,/left_elbow_1,1.19702481458,0.206860929577,0.06611463618,-0.0159978933942,0.972473951456,0.226481264731,0.052390055081,0,0,/base,/left_hand_1,0.992872772142,0.205344302462,0.043698476973,-0.507826260114,0.52037540413,-0.464935591907,0.505130501646,0,0,/base,/right_shoulder_1,1.31924309366,-0.090611475711,0.363245869058,0.368134417255,-0.189732658616,0.801879941884,0.430658946141,0,0,/base,/right_elbow_1,1.4071785664,-0.225940898044,0.178095643421,0.548886178144,-0.252066991949,0.684496195171,0.408229290728,0,0,/base,/right_hand_1,1.42304664026,-0.295738094241,-0.0586981092954,-0.507826260114,0.52037540413,-0.464935591907,0.505130501646,0,0,/base,/left_hip_1,1.34334632114,-0.0222439864296,-0.0545597038252,0.442465896382,0.580127410902,0.579343478182,0.36336930518,0,0,/base,/left_knee_1,1.30921833171,0.000976853316235,-0.421830025394,0.300894053165,0.653528171038,0.665625825284,0.198257305403,0,0,/base,/left_foot_1,1.263249656,0.0248540131029,-0.773402455719,-0.507826260114,0.52037540413,-0.464935591907,0.505130501646,0,0,/base,/right_hip_1,1.41674045257,-0.16115940524,0.011844366495,0.181765103965,0.78471936461,0.590010123039,0.0553626272622,0,0,/base,/right_knee_1,1.3354563896,-0.249006660584,-0.337813022282,-0.119711127817,0.717156086973,0.60565646162,-0.323321269471,0,0,/base,/right_foot_1,1.2572986613,-0.33347516222,-0.674022107231,-0.507826260114,0.52037540413,-0.464935591907,0.505130501646,0,0,/base,left_hand,0.814967311847,0.214589169608,0.092021252785,0.127804959827,0.987597237058,-0.0042259494765,0.0911028591715,0,0,/base,right_hand,0.622595190902,-0.523888500872,0.316284745339,-0.0744075956782,0.995848803841,-0.0235612281873,0.0468352230754
1522314867697211853,19151,1522314867681607007,,205620,1522314867664414882,0,134,52,68,41,100,361,99,300,206148,1522314867665215015,base,-262.0,9023.0,-9297.0,10025.0,0.0,0.0,0.0,0.0,0.0,0.0,0.0,0.0,0.0,-75.0,9.0,-32.0,0.0,0.0,0.0,0.0,0.0,0.0,0.0,0.0,0.0,-1377.0,-1338.0,852.0,0.0,0.0,0.0,0.0,0.0,0.0,0.0,0.0,0.0,0,0,,0.0,0.0,0.0,0.0,0.0,0.0,0.0,0.0,0.0,0.0,0.0,0.0,0.0,0.0,0.0,0.0,0.0,0.0,0.0,964056,1522314867590455545,,head_nod,head_pan,left_e0,left_e1,left_s0,left_s1,left_w0,left_w1,left_w2,right_e0,right_e1,right_s0,right_s1,right_w0,right_w1,right_w2,torso_t0,0.0,-0.101626227197,-0.594417555306,1.19573802416,-0.505830164805,-0.499694241654,0.653859310836,0.868233125943,-0.139975746895,0.906966140837,1.60070895216,-0.284553436153,-1.03045159426,-0.482053462593,1.12364092713,-0.207854396758,-12.5659871192,0.0,0.0,0.0231692458159,0.0223838476526,-0.00078539816325,0.0243473430608,0.00274889357138,-0.0196349540813,0.0113882733671,0.000392699081625,-0.00431968989788,-0.0161006623466,-0.0117809724488,0.0015707963265,-0.003141592653,-0.0015707963265,0.0,0.0,0.0,-10.636,-10.82,-0.684,-20.376,0.06,-0.28,0.176,10.292,-14.872,0.436,-19.496,-0.032,-0.148,-0.232,-20.48,0,0,/base,/head_1,1.20638192566,0.0566209985529,0.492865240124,0.208153667408,0.619147781662,0.577151414365,0.490126840832,0,0,/base,/neck_1,1.26606070138,0.00873304794682,0.314863019623,0.208153667408,0.619147781662,0.577151414365,0.490126840832,0,0,/base,/torso_1,1.32320386385,-0.0413195994848,0.146424861058,0.203569088121,0.624352203072,0.568445769181,0.495593947079,0,0,/base,/left_shoulder_1,1.21380593582,0.109056594928,0.267329782343,0.109217374126,0.809350881272,0.185582646213,0.546426388087,0,0,/base,/left_elbow_1,1.14051437031,0.182469106683,0.104114051649,0.0439089985024,0.941868997807,0.210811179852,0.257901991599,0,0,/base,/left_hand_1,0.962659654997,0.221919540612,0.00782039529966,-0.507826260114,0.52037540413,-0.464935591907,0.505130501646,0,0,/base,/right_shoulder_1,1.3183154672,-0.0915904918142,0.362396264917,0.367236763801,-0.192546148872,0.801374905155,0.431116459041,0,0,/base,/right_elbow_1,1.40598820845,-0.225966503402,0.177879999445,0.547826834214,-0.2525116113,0.684308524252,0.409689503782,0,0,/base,/right_hand_1,1.42182354493,-0.296158075766,-0.0585281518282,-0.507826260114,0.52037540413,-0.464935591907,0.505130501646,0,0,/base,/left_hip_1,1.34402595951,-0.0216395943032,-0.0550525875494,0.459080503596,0.566868933679,0.56569925726,0.384563458461,0,0,/base,/left_knee_1,1.31247003926,0.00110494016071,-0.422582617682,0.325783987768,0.643581063308,0.654250623281,0.22720988139,0,0,/base,/left_foot_1,1.263249656,0.0248540131029,-0.773402455719,-0.507826260114,0.52037540413,-0.464935591907,0.505130501646,0,0,/base,/right_hip_1,1.41674045257,-0.16115940524,0.011844366495,0.181765103965,0.78471936461,0.590010123039,0.0553626272622,0,0,/base,/right_knee_1,1.3354563896,-0.249006660584,-0.337813022282,-0.119711127817,0.717156086973,0.60565646162,-0.323321269471,0,0,/base,/right_foot_1,1.2572986613,-0.33347516222,-0.674022107231,-0.507826260114,0.52037540413,-0.464935591907,0.505130501646,0,0,/base,left_hand,0.814942656578,0.21470646596,0.0918669409985,0.127751469598,0.987629279959,-0.00385088671565,0.0908467834058,0,0,/base,right_hand,0.622472159623,-0.524414822194,0.316665840187,-0.0745585712013,0.995825344063,-0.0240247999395,0.0468584311543
1522314867701196618,19312,1522314867662486076,,205619,1522314867641222953,0,127,53,84,44,102,368,105,289,206147,1522314867648699045,base,-252.0,9017.0,-9300.0,10028.0,0.0,0.0,0.0,0.0,0.0,0.0,0.0,0.0,0.0,-126.0,18.0,-37.0,0.0,0.0,0.0,0.0,0.0,0.0,0.0,0.0,0.0,-1364.0,-1322.0,841.0,0.0,0.0,0.0,0.0,0.0,0.0,0.0,0.0,0.0,0,0,,0.0,0.0,0.0,0.0,0.0,0.0,0.0,0.0,0.0,0.0,0.0,0.0,0.0,0.0,0.0,0.0,0.0,0.0,0.0,964056,1522314867590455545,,head_nod,head_pan,left_e0,left_e1,left_s0,left_s1,left_w0,left_w1,left_w2,right_e0,right_e1,right_s0,right_s1,right_w0,right_w1,right_w2,torso_t0,0.0,-0.101626227197,-0.594417555306,1.19573802416,-0.505830164805,-0.499694241654,0.653859310836,0.868233125943,-0.139975746895,0.906966140837,1.60070895216,-0.284553436153,-1.03045159426,-0.482053462593,1.12364092713,-0.207854396758,-12.5659871192,0.0,0.0,0.0231692458159,0.0223838476526,-0.00078539816325,0.0243473430608,0.00274889357138,-0.0196349540813,0.0113882733671,0.000392699081625,-0.00431968989788,-0.0161006623466,-0.0117809724488,0.0015707963265,-0.003141592653,-0.0015707963265,0.0,0.0,0.0,-10.636,-10.82,-0.684,-20.376,0.06,-0.28,0.176,10.292,-14.872,0.436,-19.496,-0.032,-0.148,-0.232,-20.48,0,0,/base,/head_1,1.20634964161,0.058307829045,0.493529170762,0.205090983331,0.62142449153,0.576033619603,0.489851568304,0,0,/base,/neck_1,1.26644758977,0.00931652210531,0.315478473754,0.205090983331,0.62142449153,0.576033619603,0.489851568304,0,0,/base,/torso_1,1.32324548826,-0.0411925849609,0.147060402646,0.202272492719,0.626681160666,0.567821529311,0.493898038472,0,0,/base,/left_shoulder_1,1.2136521467,0.109244525509,0.267711075153,0.133818932916,0.709487655376,0.183418064331,0.667141344648,0,0,/base,/left_elbow_1,1.19702481458,0.206860929577,0.06611463618,-0.0159978933942,0.972473951456,0.226481264731,0.052390055081,0,0,/base,/left_hand_1,0.992872772142,0.205344302462,0.043698476973,-0.507826260114,0.52037540413,-0.464935591907,0.505130501646,0,0,/base,/right_shoulder_1,1.31924309366,-0.090611475711,0.363245869058,0.368134417255,-0.189732658616,0.801879941884,0.430658946141,0,0,/base,/right_elbow_1,1.4071785664,-0.225940898044,0.178095643421,0.548886178144,-0.252066991949,0.684496195171,0.408229290728,0,0,/base,/right_hand_1,1.42304664026,-0.295738094241,-0.0586981092954,-0.507826260114,0.52037540413,-0.464935591907,0.505130501646,0,0,/base,/left_hip_1,1.34334632114,-0.0222439864296,-0.0545597038252,0.442465896382,0.580127410902,0.579343478182,0.36336930518,0,0,/base,/left_knee_1,1.30921833171,0.000976853316235,-0.421830025394,0.300894053165,0.653528171038,0.665625825284,0.198257305403,0,0,/base,/left_foot_1,1.263249656,0.0248540131029,-0.773402455719,-0.507826260114,0.52037540413,-0.464935591907,0.505130501646,0,0,/base,/right_hip_1,1.41674045257,-0.16115940524,0.011844366495,0.181765103965,0.78471936461,0.590010123039,0.0553626272622,0,0,/base,/right_knee_1,1.3354563896,-0.249006660584,-0.337813022282,-0.119711127817,0.717156086973,0.60565646162,-0.323321269471,0,0,/base,/right_foot_1,1.2572986613,-0.33347516222,-0.674022107231,-0.507826260114,0.52037540413,-0.464935591907,0.505130501646,0,0,/base,left_hand,0.814967311847,0.214589169608,0.092021252785,0.127804959827,0.987597237058,-0.0042259494765,0.0911028591715,0,0,/base,right_hand,0.622595190902,-0.523888500872,0.316284745339,-0.0744075956782,0.995848803841,-0.0235612281873,0.0468352230754
1522314867701220467,19313,1522314867682595968,,205620,1522314867664414882,0,134,52,68,41,100,361,99,300,206148,1522314867665215015,base,-262.0,9023.0,-9297.0,10025.0,0.0,0.0,0.0,0.0,0.0,0.0,0.0,0.0,0.0,-75.0,9.0,-32.0,0.0,0.0,0.0,0.0,0.0,0.0,0.0,0.0,0.0,-1377.0,-1338.0,852.0,0.0,0.0,0.0,0.0,0.0,0.0,0.0,0.0,0.0,0,0,,0.0,0.0,0.0,0.0,0.0,0.0,0.0,0.0,0.0,0.0,0.0,0.0,0.0,0.0,0.0,0.0,0.0,0.0,0.0,964058,1522314867610498599,,head_nod,head_pan,left_e0,left_e1,left_s0,left_s1,left_w0,left_w1,left_w2,right_e0,right_e1,right_s0,right_s1,right_w0,right_w1,right_w2,torso_t0,0.0,-0.100859236803,-0.593267069715,1.19535452896,-0.506597155199,-0.499694241654,0.653475815639,0.86861662114,-0.139975746895,0.90658264564,1.60032545696,-0.28493693135,-1.03121858466,-0.482053462593,1.12402442232,-0.209004882349,-12.5659871192,0.0,0.006283185306,0.00353429173463,-0.0247400421424,-0.00706858346925,0.0047123889795,0.0015707963265,0.00549778714275,-0.0102101761223,-0.0141371669385,0.0129590696936,0.0121736715304,-0.006283185306,0.0106028752039,0.0302378292851,-0.00196349540813,0.0,0.0,0.0,-10.7,-10.756,-0.652,-20.476,0.068,-0.252,0.168,10.136,-14.872,0.404,-19.496,-0.04,-0.28,-0.232,-20.48,0,0,/base,/head_1,1.20638192566,0.0566209985529,0.492865240124,0.208153667408,0.619147781662,0.577151414365,0.490126840832,0,0,/base,/neck_1,1.26606070138,0.00873304794682,0.314863019623,0.208153667408,0.619147781662,0.577151414365,0.490126840832,0,0,/base,/torso_1,1.32320386385,-0.0413195994848,0.146424861058,0.203569088121,0.624352203072,0.568445769181,0.495593947079,0,0,/base,/left_shoulder_1,1.21380593582,0.109056594928,0.267329782343,0.109217374126,0.809350881272,0.185582646213,0.546426388087,0,0,/base,/left_elbow_1,1.14051437031,0.182469106683,0.104114051649,0.0439089985024,0.941868997807,0.210811179852,0.257901991599,0,0,/base,/left_hand_1,0.962659654997,0.221919540612,0.00782039529966,-0.507826260114,0.52037540413,-0.464935591907,0.505130501646,0,0,/base,/right_shoulder_1,1.3183154672,-0.0915904918142,0.362396264917,0.367236763801,-0.192546148872,0.801374905155,0.431116459041,0,0,/base,/right_elbow_1,1.40598820845,-0.225966503402,0.177879999445,0.547826834214,-0.2525116113,0.684308524252,0.409689503782,0,0,/base,/right_hand_1,1.42182354493,-0.296158075766,-0.0585281518282,-0.507826260114,0.52037540413,-0.464935591907,0.505130501646,0,0,/base,/left_hip_1,1.34402595951,-0.0216395943032,-0.0550525875494,0.459080503596,0.566868933679,0.56569925726,0.384563458461,0,0,/base,/left_knee_1,1.31247003926,0.00110494016071,-0.422582617682,0.325783987768,0.643581063308,0.654250623281,0.22720988139,0,0,/base,/left_foot_1,1.26910366635,0.0253972509362,-0.774457164951,-0.507826260114,0.52037540413,-0.464935591907,0.505130501646,0,0,/base,/right_hip_1,1.41666809311,-0.16110489953,0.0110259925357,0.182748268425,0.784655663033,0.589567340112,0.0576967272126,0,0,/base,/right_knee_1,1.3358204662,-0.249074355005,-0.338706545705,-0.12212526643,0.716343212452,0.60503882141,-0.325370321111,0,0,/base,/right_foot_1,1.25808257316,-0.333660362464,-0.674987780885,-0.507826260114,0.52037540413,-0.464935591907,0.505130501646,0,0,/base,left_hand,0.814942656578,0.21470646596,0.0918669409985,0.127751469598,0.987629279959,-0.00385088671565,0.0908467834058,0,0,/base,right_hand,0.622472159623,-0.524414822194,0.316665840187,-0.0745585712013,0.995825344063,-0.0240247999395,0.0468584311543
1522314867737225717,19152,1522314867692379951,,205621,1522314867686984062,0,110,53,107,41,86,321,97,277,206149,1522314867687849044,base,-268.0,9030.0,-9294.0,10022.0,0.0,0.0,0.0,0.0,0.0,0.0,0.0,0.0,0.0,-64.0,21.0,-23.0,0.0,0.0,0.0,0.0,0.0,0.0,0.0,0.0,0.0,-1363.0,-1324.0,835.0,0.0,0.0,0.0,0.0,0.0,0.0,0.0,0.0,0.0,0,0,,0.0,0.0,0.0,0.0,0.0,0.0,0.0,0.0,0.0,0.0,0.0,0.0,0.0,0.0,0.0,0.0,0.0,0.0,0.0,964060,1522314867630496764,,head_nod,head_pan,left_e0,left_e1,left_s0,left_s1,left_w0,left_w1,left_w2,right_e0,right_e1,right_s0,right_s1,right_w0,right_w1,right_w2,torso_t0,0.0,-0.101626227197,-0.593650564912,1.19458753857,-0.505446669608,-0.499694241654,0.653092320442,0.869000116337,-0.139975746895,0.907349636034,1.60109244736,-0.284553436153,-1.03160207985,-0.481286472199,1.12402442232,-0.207854396758,-12.5659871192,0.0,0.00589048622438,0.00981747704063,0.0102101761223,0.028274333877,0.009424777959,-0.009424777959,0.0137444678569,0.0047123889795,0.0176714586731,0.0164933614283,-0.00981747704063,-0.0102101761223,0.00706858346925,0.021991148571,0.00510508806113,0.0,0.0,0.0,-10.732,-10.696,-0.652,-20.376,0.032,-0.268,0.156,10.136,-14.872,0.436,-19.496,-0.04,-0.288,-0.212,-20.48,0,0,/base,/head_1,1.20638192566,0.0566209985529,0.492865240124,0.208153667408,0.619147781662,0.577151414365,0.490126840832,0,0,/base,/neck_1,1.26606070138,0.00873304794682,0.314863019623,0.208153667408,0.619147781662,0.577151414365,0.490126840832,0,0,/base,/torso_1,1.32320386385,-0.0413195994848,0.146424861058,0.203569088121,0.624352203072,0.568445769181,0.495593947079,0,0,/base,/left_shoulder_1,1.21380593582,0.109056594928,0.267329782343,0.109217374126,0.809350881272,0.185582646213,0.546426388087,0,0,/base,/left_elbow_1,1.14051437031,0.182469106683,0.104114051649,0.0439089985024,0.941868997807,0.210811179852,0.257901991599,0,0,/base,/left_hand_1,0.962659654997,0.221919540612,0.00782039529966,-0.507826260114,0.52037540413,-0.464935591907,0.505130501646,0,0,/base,/right_shoulder_1,1.3183154672,-0.0915904918142,0.362396264917,0.367236763801,-0.192546148872,0.801374905155,0.431116459041,0,0,/base,/right_elbow_1,1.40598820845,-0.225966503402,0.177879999445,0.547826834214,-0.2525116113,0.684308524252,0.409689503782,0,0,/base,/right_hand_1,1.42182354493,-0.296158075766,-0.0585281518282,-0.507826260114,0.52037540413,-0.464935591907,0.505130501646,0,0,/base,/left_hip_1,1.34402595951,-0.0216395943032,-0.0550525875494,0.459080503596,0.566868933679,0.56569925726,0.384563458461,0,0,/base,/left_knee_1,1.31247003926,0.00110494016071,-0.422582617682,0.325783987768,0.643581063308,0.654250623281,0.22720988139,0,0,/base,/left_foot_1,1.26910366635,0.0253972509362,-0.774457164951,-0.507826260114,0.52037540413,-0.464935591907,0.505130501646,0,0,/base,/right_hip_1,1.41666809311,-0.16110489953,0.0110259925357,0.182748268425,0.784655663033,0.589567340112,0.0576967272126,0,0,/base,/right_knee_1,1.3358204662,-0.249074355005,-0.338706545705,-0.12212526643,0.716343212452,0.60503882141,-0.325370321111,0,0,/base,/right_foot_1,1.25808257316,-0.333660362464,-0.674987780885,-0.507826260114,0.52037540413,-0.464935591907,0.505130501646,0,0,/base,left_hand,0.814942656578,0.21470646596,0.0918669409985,0.127751469598,0.987629279959,-0.00385088671565,0.0908467834058,0,0,/base,right_hand,0.622472159623,-0.524414822194,0.316665840187,-0.0745585712013,0.995825344063,-0.0240247999395,0.0468584311543
1522314867737242908,19153,1522314867716296911,,205623,1522314867716142892,0,122,55,108,49,103,257,90,274,206150,1522314867709691047,base,-271.0,9038.0,-9287.0,10021.0,0.0,0.0,0.0,0.0,0.0,0.0,0.0,0.0,0.0,-69.0,22.0,-8.0,0.0,0.0,0.0,0.0,0.0,0.0,0.0,0.0,0.0,-1370.0,-1307.0,823.0,0.0,0.0,0.0,0.0,0.0,0.0,0.0,0.0,0.0,0,0,,0.0,0.0,0.0,0.0,0.0,0.0,0.0,0.0,0.0,0.0,0.0,0.0,0.0,0.0,0.0,0.0,0.0,0.0,0.0,964061,1522314867640489707,,head_nod,head_pan,left_e0,left_e1,left_s0,left_s1,left_w0,left_w1,left_w2,right_e0,right_e1,right_s0,right_s1,right_w0,right_w1,right_w2,torso_t0,0.0,-0.101626227197,-0.593267069715,1.19497103376,-0.506597155199,-0.500461232048,0.653475815639,0.869000116337,-0.139975746895,0.907349636034,1.60109244736,-0.284169940956,-1.03121858466,-0.48243695779,1.12479141272,-0.207087406365,-12.5659871192,0.0,-0.00196349540813,0.018849555918,0.00353429173463,0.015707963265,0.00667588438763,-0.0255254403056,-0.009424777959,0.0,0.0184568568364,0.00746128255088,-0.0106028752039,-0.0137444678569,0.00510508806113,-0.006283185306,-0.0129590696936,0.0,0.0,0.0,-10.796,-10.696,-0.62,-20.312,0.032,-0.26,0.148,10.26,-14.932,0.372,-19.468,-0.032,-0.26,-0.212,-20.48,0,0,/base,/head_1,1.20709640284,0.0571350012427,0.49161196173,0.205906591504,0.622170594752,0.577349082454,0.487005404067,0,0,/base,/neck_1,1.26634122639,0.00903262169604,0.313775143093,0.205906591504,0.622170594752,0.577349082454,0.487005404067,0,0,/base,/torso_1,1.32352955615,-0.040994181419,0.145344255627,0.200786634501,0.626625613219,0.569496181713,0.492645072317,0,0,/base,/left_shoulder_1,1.21309563505,0.10875667049,0.266082903274,0.0872963727832,0.855237209935,0.194372622988,0.472406542581,0,0,/base,/left_elbow_1,1.10282279042,0.176950073078,0.107541019558,0.065984887808,0.917337369918,0.209069296601,0.332307348025,0,0,/base,/left_hand_1,0.932300832169,0.23449887397,-0.0212929696176,-0.507826260114,0.52037540413,-0.464935591907,0.505130501646,0,0,/base,/right_shoulder_1,1.31958675771,-0.090691429669,0.361467401625,0.36713517556,-0.186179743033,0.801953511141,0.432919660121,0,0,/base,/right_elbow_1,1.40688521776,-0.227599927698,0.177324413308,0.552045859398,-0.254470946859,0.682206283913,0.406305910018,0,0,/base,/right_hand_1,1.42183572347,-0.29536341681,-0.0606088621798,-0.507826260114,0.52037540413,-0.464935591907,0.505130501646,0,0,/base,/left_hip_1,1.34370808558,-0.0217050326132,-0.0562364613738,0.472013674112,0.555817711101,0.554340335514,0.401218837917,0,0,/base,/left_knee_1,1.31418449288,0.000536545506278,-0.423966112463,0.347716446576,0.633700355899,0.643069181943,0.252941018716,0,0,/base,/left_foot_1,1.2731825088,0.0250176374195,-0.776110892097,-0.507826260114,0.52037540413,-0.464935591907,0.505130501646,0,0,/base,/right_hip_1,1.41772768513,-0.160336928047,0.0100631828913,0.17949236204,0.787219953553,0.587397622329,0.0550569703153,0,0,/base,/right_knee_1,1.33719140446,-0.251063656854,-0.339027201944,-0.128944076564,0.714567337589,0.600522206794,-0.334873146604,0,0,/base,/right_foot_1,1.25975275535,-0.338300840592,-0.674690964841,-0.507826260114,0.52037540413,-0.464935591907,0.505130501646,0,0,/base,left_hand,0.81524594407,0.214863131488,0.0924566135247,0.127666140934,0.987610514597,-0.00362563909257,0.0911793982062,0,0,/base,right_hand,0.622417548019,-0.523526055321,0.316535864824,-0.0745324299951,0.995855005051,-0.0238766615285,0.0463425379883
1522314867741184489,19314,1522314867703973054,,205622,1522314867701423883,0,128,55,104,42,92,276,98,283,206149,1522314867687849044,base,-268.0,9030.0,-9294.0,10022.0,0.0,0.0,0.0,0.0,0.0,0.0,0.0,0.0,0.0,-64.0,21.0,-23.0,0.0,0.0,0.0,0.0,0.0,0.0,0.0,0.0,0.0,-1363.0,-1324.0,835.0,0.0,0.0,0.0,0.0,0.0,0.0,0.0,0.0,0.0,0,0,,0.0,0.0,0.0,0.0,0.0,0.0,0.0,0.0,0.0,0.0,0.0,0.0,0.0,0.0,0.0,0.0,0.0,0.0,0.0,964059,1522314867620512463,,head_nod,head_pan,left_e0,left_e1,left_s0,left_s1,left_w0,left_w1,left_w2,right_e0,right_e1,right_s0,right_s1,right_w0,right_w1,right_w2,torso_t0,0.0,-0.101242732,-0.593650564912,1.19497103376,-0.506213660002,-0.499694241654,0.653092320442,0.869000116337,-0.140742737288,0.906966140837,1.60070895216,-0.28493693135,-1.03160207985,-0.482053462593,1.12517490791,-0.207470901562,-12.5659871192,0.0,-0.0129590696936,0.0298451302035,-0.0078539816325,-0.0137444678569,0.00431968989788,0.00235619448975,0.006283185306,0.000392699081625,-0.0078539816325,-0.00903207887738,0.0133517687753,0.0078539816325,-0.00549778714275,0.0259181393873,0.0,0.0,0.0,0.0,-10.732,-10.664,-0.716,-20.408,0.032,-0.26,0.148,10.228,-14.812,0.248,-19.496,-0.04,-0.288,-0.224,-20.48,0,0,/base,/head_1,1.20638192566,0.0566209985529,0.492865240124,0.208153667408,0.619147781662,0.577151414365,0.490126840832,0,0,/base,/neck_1,1.26606070138,0.00873304794682,0.314863019623,0.208153667408,0.619147781662,0.577151414365,0.490126840832,0,0,/base,/torso_1,1.32320386385,-0.0413195994848,0.146424861058,0.203569088121,0.624352203072,0.568445769181,0.495593947079,0,0,/base,/left_shoulder_1,1.21380593582,0.109056594928,0.267329782343,0.109217374126,0.809350881272,0.185582646213,0.546426388087,0,0,/base,/left_elbow_1,1.14051437031,0.182469106683,0.104114051649,0.0439089985024,0.941868997807,0.210811179852,0.257901991599,0,0,/base,/left_hand_1,0.962659654997,0.221919540612,0.00782039529966,-0.507826260114,0.52037540413,-0.464935591907,0.505130501646,0,0,/base,/right_shoulder_1,1.3183154672,-0.0915904918142,0.362396264917,0.367236763801,-0.192546148872,0.801374905155,0.431116459041,0,0,/base,/right_elbow_1,1.40598820845,-0.225966503402,0.177879999445,0.547826834214,-0.2525116113,0.684308524252,0.409689503782,0,0,/base,/right_hand_1,1.42182354493,-0.296158075766,-0.0585281518282,-0.507826260114,0.52037540413,-0.464935591907,0.505130501646,0,0,/base,/left_hip_1,1.34402595951,-0.0216395943032,-0.0550525875494,0.459080503596,0.566868933679,0.56569925726,0.384563458461,0,0,/base,/left_knee_1,1.31247003926,0.00110494016071,-0.422582617682,0.325783987768,0.643581063308,0.654250623281,0.22720988139,0,0,/base,/left_foot_1,1.26910366635,0.0253972509362,-0.774457164951,-0.507826260114,0.52037540413,-0.464935591907,0.505130501646,0,0,/base,/right_hip_1,1.41666809311,-0.16110489953,0.0110259925357,0.182748268425,0.784655663033,0.589567340112,0.0576967272126,0,0,/base,/right_knee_1,1.3358204662,-0.249074355005,-0.338706545705,-0.12212526643,0.716343212452,0.60503882141,-0.325370321111,0,0,/base,/right_foot_1,1.25808257316,-0.333660362464,-0.674987780885,-0.507826260114,0.52037540413,-0.464935591907,0.505130501646,0,0,/base,left_hand,0.81524594407,0.214863131488,0.0924566135247,0.127666140934,0.987610514597,-0.00362563909257,0.0911793982062,0,0,/base,right_hand,0.622417548019,-0.523526055321,0.316535864824,-0.0745324299951,0.995855005051,-0.0238766615285,0.0463425379883
1522314867741196671,19315,1522314867722224950,,205623,1522314867716142892,0,122,55,108,49,103,257,90,274,206150,1522314867709691047,base,-271.0,9038.0,-9287.0,10021.0,0.0,0.0,0.0,0.0,0.0,0.0,0.0,0.0,0.0,-69.0,22.0,-8.0,0.0,0.0,0.0,0.0,0.0,0.0,0.0,0.0,0.0,-1370.0,-1307.0,823.0,0.0,0.0,0.0,0.0,0.0,0.0,0.0,0.0,0.0,0,0,,0.0,0.0,0.0,0.0,0.0,0.0,0.0,0.0,0.0,0.0,0.0,0.0,0.0,0.0,0.0,0.0,0.0,0.0,0.0,964063,1522314867660454574,,head_nod,head_pan,left_e0,left_e1,left_s0,left_s1,left_w0,left_w1,left_w2,right_e0,right_e1,right_s0,right_s1,right_w0,right_w1,right_w2,torso_t0,0.0,-0.102009722394,-0.592500079321,1.19535452896,-0.505830164805,-0.500077736851,0.653092320442,0.869383611534,-0.139975746895,0.90658264564,1.60147594255,-0.284169940956,-1.03198557505,-0.482053462593,1.12402442232,-0.208237891955,-12.5659871192,0.0,-0.0117809724488,-0.003141592653,0.00274889357138,0.006283185306,-0.0223838476526,0.0153152641834,0.00353429173463,0.0,-0.00824668071413,0.0180641577548,0.0223838476526,0.00549778714275,-0.00706858346925,-0.0113882733671,-0.000392699081625,0.0,0.0,0.0,-10.924,-10.728,-0.716,-20.312,0.032,-0.268,0.156,10.292,-14.964,0.436,-19.408,-0.024,-0.228,-0.196,-20.48,0,0,/base,/head_1,1.20709640284,0.0571350012427,0.49161196173,0.205906591504,0.622170594752,0.577349082454,0.487005404067,0,0,/base,/neck_1,1.26634122639,0.00903262169604,0.313775143093,0.205906591504,0.622170594752,0.577349082454,0.487005404067,0,0,/base,/torso_1,1.32352955615,-0.040994181419,0.145344255627,0.200786634501,0.626625613219,0.569496181713,0.492645072317,0,0,/base,/left_shoulder_1,1.21309563505,0.10875667049,0.266082903274,0.0872963727832,0.855237209935,0.194372622988,0.472406542581,0,0,/base,/left_elbow_1,1.10282279042,0.176950073078,0.107541019558,0.065984887808,0.917337369918,0.209069296601,0.332307348025,0,0,/base,/left_hand_1,0.932300832169,0.23449887397,-0.0212929696176,-0.507826260114,0.52037540413,-0.464935591907,0.505130501646,0,0,/base,/right_shoulder_1,1.31958675771,-0.090691429669,0.361467401625,0.36713517556,-0.186179743033,0.801953511141,0.432919660121,0,0,/base,/right_elbow_1,1.40688521776,-0.227599927698,0.177324413308,0.552045859398,-0.254470946859,0.682206283913,0.406305910018,0,0,/base,/right_hand_1,1.42183572347,-0.29536341681,-0.0606088621798,-0.507826260114,0.52037540413,-0.464935591907,0.505130501646,0,0,/base,/left_hip_1,1.34370808558,-0.0217050326132,-0.0562364613738,0.472013674112,0.555817711101,0.554340335514,0.401218837917,0,0,/base,/left_knee_1,1.31418449288,0.000536545506278,-0.423966112463,0.347716446576,0.633700355899,0.643069181943,0.252941018716,0,0,/base,/left_foot_1,1.2731825088,0.0250176374195,-0.776110892097,-0.507826260114,0.52037540413,-0.464935591907,0.505130501646,0,0,/base,/right_hip_1,1.41772768513,-0.160336928047,0.0100631828913,0.17949236204,0.787219953553,0.587397622329,0.0550569703153,0,0,/base,/right_knee_1,1.33719140446,-0.251063656854,-0.339027201944,-0.128944076564,0.714567337589,0.600522206794,-0.334873146604,0,0,/base,/right_foot_1,1.25975275535,-0.338300840592,-0.674690964841,-0.507826260114,0.52037540413,-0.464935591907,0.505130501646,0,0,/base,left_hand,0.81524594407,0.214863131488,0.0924566135247,0.127666140934,0.987610514597,-0.00362563909257,0.0911793982062,0,0,/base,right_hand,0.622417548019,-0.523526055321,0.316535864824,-0.0745324299951,0.995855005051,-0.0238766615285,0.0463425379883
1522314867777198901,19154,1522314867738301038,,205623,1522314867716142892,0,122,55,108,49,103,257,90,274,206151,1522314867731230020,base,-274.0,9044.0,-9279.0,10022.0,0.0,0.0,0.0,0.0,0.0,0.0,0.0,0.0,0.0,-76.0,13.0,-8.0,0.0,0.0,0.0,0.0,0.0,0.0,0.0,0.0,0.0,-1392.0,-1284.0,835.0,0.0,0.0,0.0,0.0,0.0,0.0,0.0,0.0,0.0,0,0,,0.0,0.0,0.0,0.0,0.0,0.0,0.0,0.0,0.0,0.0,0.0,0.0,0.0,0.0,0.0,0.0,0.0,0.0,0.0,964064,1522314867670463960,,head_nod,head_pan,left_e0,left_e1,left_s0,left_s1,left_w0,left_w1,left_w2,right_e0,right_e1,right_s0,right_s1,right_w0,right_w1,right_w2,torso_t0,0.0,-0.101626227197,-0.592500079321,1.19535452896,-0.505830164805,-0.500461232048,0.653475815639,0.869767106731,-0.139975746895,0.90658264564,1.60070895216,-0.284169940956,-1.03160207985,-0.482053462593,1.12364092713,-0.208237891955,-12.5659871192,0.0,-0.00196349540813,0.0015707963265,-0.00078539816325,-0.006283185306,-0.0106028752039,0.0121736715304,0.0117809724488,-0.009424777959,-0.0176714586731,-0.0117809724488,-0.003141592653,-0.00589048622438,0.00589048622438,-0.009424777959,0.0255254403056,0.0,0.0,0.0,-10.764,-10.664,-0.716,-20.312,0.04,-0.308,0.14,10.292,-14.932,0.34,-19.408,-0.016,-0.2,-0.212,-20.48,0,0,/base,/head_1,1.20709640284,0.0571350012427,0.49161196173,0.205906591504,0.622170594752,0.577349082454,0.487005404067,0,0,/base,/neck_1,1.26634122639,0.00903262169604,0.313775143093,0.205906591504,0.622170594752,0.577349082454,0.487005404067,0,0,/base,/torso_1,1.32352955615,-0.040994181419,0.145344255627,0.200786634501,0.626625613219,0.569496181713,0.492645072317,0,0,/base,/left_shoulder_1,1.21309563505,0.10875667049,0.266082903274,0.0872963727832,0.855237209935,0.194372622988,0.472406542581,0,0,/base,/left_elbow_1,1.10282279042,0.176950073078,0.107541019558,0.065984887808,0.917337369918,0.209069296601,0.332307348025,0,0,/base,/left_hand_1,0.932300832169,0.23449887397,-0.0212929696176,-0.507826260114,0.52037540413,-0.464935591907,0.505130501646,0,0,/base,/right_shoulder_1,1.31958675771,-0.090691429669,0.361467401625,0.36713517556,-0.186179743033,0.801953511141,0.432919660121,0,0,/base,/right_elbow_1,1.40688521776,-0.227599927698,0.177324413308,0.552045859398,-0.254470946859,0.682206283913,0.406305910018,0,0,/base,/right_hand_1,1.42183572347,-0.29536341681,-0.0606088621798,-0.507826260114,0.52037540413,-0.464935591907,0.505130501646,0,0,/base,/left_hip_1,1.34370808558,-0.0217050326132,-0.0562364613738,0.472013674112,0.555817711101,0.554340335514,0.401218837917,0,0,/base,/left_knee_1,1.31418449288,0.000536545506278,-0.423966112463,0.347716446576,0.633700355899,0.643069181943,0.252941018716,0,0,/base,/left_foot_1,1.2731825088,0.0250176374195,-0.776110892097,-0.507826260114,0.52037540413,-0.464935591907,0.505130501646,0,0,/base,/right_hip_1,1.41772768513,-0.160336928047,0.0100631828913,0.17949236204,0.787219953553,0.587397622329,0.0550569703153,0,0,/base,/right_knee_1,1.33719140446,-0.251063656854,-0.339027201944,-0.128944076564,0.714567337589,0.600522206794,-0.334873146604,0,0,/base,/right_foot_1,1.25975275535,-0.338300840592,-0.674690964841,-0.507826260114,0.52037540413,-0.464935591907,0.505130501646,0,0,/base,left_hand,0.814924420665,0.215890036585,0.0921418102976,0.12722483332,0.987730221058,-0.00318904646951,0.0905134364475,0,0,/base,right_hand,0.622657550967,-0.523929642782,0.316711823263,-0.0746460711642,0.995810402512,-0.0241322028101,0.0469813058241
1522314867777209382,19155,1522314867758495092,,205624,1522314867754396915,0,121,50,106,49,102,241,87,222,206152,1522314867755064010,base,-277.0,9050.0,-9273.0,10023.0,0.0,0.0,0.0,0.0,0.0,0.0,0.0,0.0,0.0,-65.0,10.0,-2.0,0.0,0.0,0.0,0.0,0.0,0.0,0.0,0.0,0.0,-1397.0,-1327.0,846.0,0.0,0.0,0.0,0.0,0.0,0.0,0.0,0.0,0.0,0,0,,0.0,0.0,0.0,0.0,0.0,0.0,0.0,0.0,0.0,0.0,0.0,0.0,0.0,0.0,0.0,0.0,0.0,0.0,0.0,964066,1522314867690498920,,head_nod,head_pan,left_e0,left_e1,left_s0,left_s1,left_w0,left_w1,left_w2,right_e0,right_e1,right_s0,right_s1,right_w0,right_w1,right_w2,torso_t0,0.0,-0.101626227197,-0.593267069715,1.19573802416,-0.505446669608,-0.500461232048,0.653859310836,0.869383611534,-0.139208756501,0.90658264564,1.60070895216,-0.284553436153,-1.03121858466,-0.481669967396,1.12402442232,-0.208237891955,-12.5659871192,0.0,0.00549778714275,-0.00667588438763,-0.0117809724488,-0.0015707963265,-0.000392699081625,-0.0121736715304,-0.0208130513261,-0.003141592653,-0.00392699081625,-0.00903207887738,-0.0078539816325,0.00903207887738,-0.00903207887738,-0.00196349540813,-0.0180641577548,0.0,0.0,0.0,-10.668,-10.632,-0.776,-20.212,0.06,-0.268,0.148,10.196,-14.812,0.404,-19.468,-0.024,-0.208,-0.212,-20.48,0,0,/base,/head_1,1.20737336526,0.0558084154725,0.491697809333,0.208148097469,0.620179044382,0.577639352429,0.488246967173,0,0,/base,/neck_1,1.26660655274,0.00816660087486,0.313607458762,0.208148097469,0.620179044382,0.577639352429,0.488246967173,0,0,/base,/torso_1,1.32412590047,-0.0413042530322,0.145125198828,0.20230378237,0.624106964845,0.570279374917,0.494312765985,0,0,/base,/left_shoulder_1,1.21391478911,0.108327348931,0.266215001173,0.0769986836141,0.874096722659,0.196910506972,0.437324106816,0,0,/base,/left_elbow_1,1.08406301871,0.174114538309,0.108798082727,0.0795844989404,0.905939519455,0.210245283516,0.358799129567,0,0,/base,/left_hand_1,0.915422046769,0.242293119293,-0.0336816233412,-0.507826260114,0.52037540413,-0.464935591907,0.505130501646,0,0,/base,/right_shoulder_1,1.31929825526,-0.0919941413447,0.360999920261,0.365112627998,-0.189366203789,0.802426005642,0.43237219523,0,0,/base,/right_elbow_1,1.40709256733,-0.227683966092,0.177909727435,0.551541026263,-0.25366508866,0.682504716413,0.406993650095,0,0,/base,/right_hand_1,1.42206342905,-0.296122260444,-0.0601996805559,-0.507826260114,0.52037540413,-0.464935591907,0.505130501646,0,0,/base,/left_hip_1,1.34502045189,-0.0211556365348,-0.0562985112469,0.482124151985,0.54669790105,0.544975097075,0.414342672951,0,0,/base,/left_knee_1,1.31710225265,0.00060654290031,-0.424182175916,0.367050477012,0.624067301002,0.632254476326,0.275804692328,0,0,/base,/left_foot_1,1.27823534338,0.0251068800919,-0.776567688877,-0.507826260114,0.52037540413,-0.464935591907,0.505130501646,0,0,/base,/right_hip_1,1.41827004381,-0.160394584168,0.00958437341509,0.181330364143,0.787536047493,0.58622480062,0.056980313062,0,0,/base,/right_knee_1,1.33740624935,-0.251650021295,-0.339298948588,-0.129159572513,0.714444775711,0.599881657909,-0.33619706095,0,0,/base,/right_foot_1,1.259652493,-0.339395628114,-0.674763589849,-0.507826260114,0.52037540413,-0.464935591907,0.505130501646,0,0,/base,left_hand,0.814916419576,0.215706938978,0.0922124165144,0.127770731059,0.987641579849,-0.00338411098476,0.0907044532,0,0,/base,right_hand,0.622459918327,-0.524030633286,0.316534035998,-0.0743733384772,0.995851331091,-0.0237662830411,0.0467321803228
1522314867781267476,19316,1522314867741080999,,205623,1522314867716142892,0,122,55,108,49,103,257,90,274,206151,1522314867731230020,base,-274.0,9044.0,-9279.0,10022.0,0.0,0.0,0.0,0.0,0.0,0.0,0.0,0.0,0.0,-76.0,13.0,-8.0,0.0,0.0,0.0,0.0,0.0,0.0,0.0,0.0,0.0,-1392.0,-1284.0,835.0,0.0,0.0,0.0,0.0,0.0,0.0,0.0,0.0,0.0,0,0,,0.0,0.0,0.0,0.0,0.0,0.0,0.0,0.0,0.0,0.0,0.0,0.0,0.0,0.0,0.0,0.0,0.0,0.0,0.0,964064,1522314867670463960,,head_nod,head_pan,left_e0,left_e1,left_s0,left_s1,left_w0,left_w1,left_w2,right_e0,right_e1,right_s0,right_s1,right_w0,right_w1,right_w2,torso_t0,0.0,-0.101626227197,-0.592500079321,1.19535452896,-0.505830164805,-0.500461232048,0.653475815639,0.869767106731,-0.139975746895,0.90658264564,1.60070895216,-0.284169940956,-1.03160207985,-0.482053462593,1.12364092713,-0.208237891955,-12.5659871192,0.0,-0.00196349540813,0.0015707963265,-0.00078539816325,-0.006283185306,-0.0106028752039,0.0121736715304,0.0117809724488,-0.009424777959,-0.0176714586731,-0.0117809724488,-0.003141592653,-0.00589048622438,0.00589048622438,-0.009424777959,0.0255254403056,0.0,0.0,0.0,-10.764,-10.664,-0.716,-20.312,0.04,-0.308,0.14,10.292,-14.932,0.34,-19.408,-0.016,-0.2,-0.212,-20.48,0,0,/base,/head_1,1.20709640284,0.0571350012427,0.49161196173,0.205906591504,0.622170594752,0.577349082454,0.487005404067,0,0,/base,/neck_1,1.26634122639,0.00903262169604,0.313775143093,0.205906591504,0.622170594752,0.577349082454,0.487005404067,0,0,/base,/torso_1,1.32352955615,-0.040994181419,0.145344255627,0.200786634501,0.626625613219,0.569496181713,0.492645072317,0,0,/base,/left_shoulder_1,1.21309563505,0.10875667049,0.266082903274,0.0872963727832,0.855237209935,0.194372622988,0.472406542581,0,0,/base,/left_elbow_1,1.10282279042,0.176950073078,0.107541019558,0.065984887808,0.917337369918,0.209069296601,0.332307348025,0,0,/base,/left_hand_1,0.932300832169,0.23449887397,-0.0212929696176,-0.507826260114,0.52037540413,-0.464935591907,0.505130501646,0,0,/base,/right_shoulder_1,1.31958675771,-0.090691429669,0.361467401625,0.36713517556,-0.186179743033,0.801953511141,0.432919660121,0,0,/base,/right_elbow_1,1.40688521776,-0.227599927698,0.177324413308,0.552045859398,-0.254470946859,0.682206283913,0.406305910018,0,0,/base,/right_hand_1,1.42183572347,-0.29536341681,-0.0606088621798,-0.507826260114,0.52037540413,-0.464935591907,0.505130501646,0,0,/base,/left_hip_1,1.34370808558,-0.0217050326132,-0.0562364613738,0.472013674112,0.555817711101,0.554340335514,0.401218837917,0,0,/base,/left_knee_1,1.31418449288,0.000536545506278,-0.423966112463,0.347716446576,0.633700355899,0.643069181943,0.252941018716,0,0,/base,/left_foot_1,1.2731825088,0.0250176374195,-0.776110892097,-0.507826260114,0.52037540413,-0.464935591907,0.505130501646,0,0,/base,/right_hip_1,1.41772768513,-0.160336928047,0.0100631828913,0.17949236204,0.787219953553,0.587397622329,0.0550569703153,0,0,/base,/right_knee_1,1.33719140446,-0.251063656854,-0.339027201944,-0.128944076564,0.714567337589,0.600522206794,-0.334873146604,0,0,/base,/right_foot_1,1.25975275535,-0.338300840592,-0.674690964841,-0.507826260114,0.52037540413,-0.464935591907,0.505130501646,0,0,/base,left_hand,0.814924420665,0.215890036585,0.0921418102976,0.12722483332,0.987730221058,-0.00318904646951,0.0905134364475,0,0,/base,right_hand,0.622657550967,-0.523929642782,0.316711823263,-0.0746460711642,0.995810402512,-0.0241322028101,0.0469813058241
1522314867781275754,19317,1522314867762547969,,205624,1522314867754396915,0,121,50,106,49,102,241,87,222,206152,1522314867755064010,base,-277.0,9050.0,-9273.0,10023.0,0.0,0.0,0.0,0.0,0.0,0.0,0.0,0.0,0.0,-65.0,10.0,-2.0,0.0,0.0,0.0,0.0,0.0,0.0,0.0,0.0,0.0,-1397.0,-1327.0,846.0,0.0,0.0,0.0,0.0,0.0,0.0,0.0,0.0,0.0,0,0,,0.0,0.0,0.0,0.0,0.0,0.0,0.0,0.0,0.0,0.0,0.0,0.0,0.0,0.0,0.0,0.0,0.0,0.0,0.0,964065,1522314867680510742,,head_nod,head_pan,left_e0,left_e1,left_s0,left_s1,left_w0,left_w1,left_w2,right_e0,right_e1,right_s0,right_s1,right_w0,right_w1,right_w2,torso_t0,0.0,-0.100859236803,-0.593267069715,1.19420404337,-0.505830164805,-0.500461232048,0.653475815639,0.869000116337,-0.140359242092,0.907349636034,1.60070895216,-0.284553436153,-1.03083508946,-0.481669967396,1.12364092713,-0.208621387152,-12.5659871192,0.0,-0.00078539816325,0.00589048622438,-0.0243473430608,0.00981747704063,-0.0047123889795,0.0047123889795,0.0322013246933,0.0145298660201,-0.00903207887738,0.00235619448975,0.00667588438763,-0.00706858346925,0.00353429173463,0.00117809724488,-0.0102101761223,0.0,0.0,0.0,-10.7,-10.696,-0.84,-20.18,0.032,-0.28,0.156,10.228,-14.844,0.248,-19.38,-0.024,-0.208,-0.232,-20.48,0,0,/base,/head_1,1.20737336526,0.0558084154725,0.491697809333,0.208148097469,0.620179044382,0.577639352429,0.488246967173,0,0,/base,/neck_1,1.26660655274,0.00816660087486,0.313607458762,0.208148097469,0.620179044382,0.577639352429,0.488246967173,0,0,/base,/torso_1,1.32412590047,-0.0413042530322,0.145125198828,0.20230378237,0.624106964845,0.570279374917,0.494312765985,0,0,/base,/left_shoulder_1,1.21391478911,0.108327348931,0.266215001173,0.0769986836141,0.874096722659,0.196910506972,0.437324106816,0,0,/base,/left_elbow_1,1.08406301871,0.174114538309,0.108798082727,0.0795844989404,0.905939519455,0.210245283516,0.358799129567,0,0,/base,/left_hand_1,0.915422046769,0.242293119293,-0.0336816233412,-0.507826260114,0.52037540413,-0.464935591907,0.505130501646,0,0,/base,/right_shoulder_1,1.31929825526,-0.0919941413447,0.360999920261,0.365112627998,-0.189366203789,0.802426005642,0.43237219523,0,0,/base,/right_elbow_1,1.40709256733,-0.227683966092,0.177909727435,0.551541026263,-0.25366508866,0.682504716413,0.406993650095,0,0,/base,/right_hand_1,1.42206342905,-0.296122260444,-0.0601996805559,-0.507826260114,0.52037540413,-0.464935591907,0.505130501646,0,0,/base,/left_hip_1,1.34502045189,-0.0211556365348,-0.0562985112469,0.482124151985,0.54669790105,0.544975097075,0.414342672951,0,0,/base,/left_knee_1,1.31710225265,0.00060654290031,-0.424182175916,0.367050477012,0.624067301002,0.632254476326,0.275804692328,0,0,/base,/left_foot_1,1.27823534338,0.0251068800919,-0.776567688877,-0.507826260114,0.52037540413,-0.464935591907,0.505130501646,0,0,/base,/right_hip_1,1.41827004381,-0.160394584168,0.00958437341509,0.181330364143,0.787536047493,0.58622480062,0.056980313062,0,0,/base,/right_knee_1,1.33740624935,-0.251650021295,-0.339298948588,-0.129159572513,0.714444775711,0.599881657909,-0.33619706095,0,0,/base,/right_foot_1,1.259652493,-0.339395628114,-0.674763589849,-0.507826260114,0.52037540413,-0.464935591907,0.505130501646,0,0,/base,left_hand,0.814916419576,0.215706938978,0.0922124165144,0.127770731059,0.987641579849,-0.00338411098476,0.0907044532,0,0,/base,right_hand,0.622459918327,-0.524030633286,0.316534035998,-0.0743733384772,0.995851331091,-0.0237662830411,0.0467321803228
1522314867817246676,19156,1522314867782304048,,205625,1522314867769387960,0,104,48,108,51,101,244,85,195,206153,1522314867770128011,base,-278.0,9051.0,-9272.0,10023.0,0.0,0.0,0.0,0.0,0.0,0.0,0.0,0.0,0.0,-20.0,14.0,6.0,0.0,0.0,0.0,0.0,0.0,0.0,0.0,0.0,0.0,-1382.0,-1370.0,852.0,0.0,0.0,0.0,0.0,0.0,0.0,0.0,0.0,0.0,0,0,,0.0,0.0,0.0,0.0,0.0,0.0,0.0,0.0,0.0,0.0,0.0,0.0,0.0,0.0,0.0,0.0,0.0,0.0,0.0,964066,1522314867690498920,,head_nod,head_pan,left_e0,left_e1,left_s0,left_s1,left_w0,left_w1,left_w2,right_e0,right_e1,right_s0,right_s1,right_w0,right_w1,right_w2,torso_t0,0.0,-0.101626227197,-0.593267069715,1.19573802416,-0.505446669608,-0.500461232048,0.653859310836,0.869383611534,-0.139208756501,0.90658264564,1.60070895216,-0.284553436153,-1.03121858466,-0.481669967396,1.12402442232,-0.208237891955,-12.5659871192,0.0,0.00549778714275,-0.00667588438763,-0.0117809724488,-0.0015707963265,-0.000392699081625,-0.0121736715304,-0.0208130513261,-0.003141592653,-0.00392699081625,-0.00903207887738,-0.0078539816325,0.00903207887738,-0.00903207887738,-0.00196349540813,-0.0180641577548,0.0,0.0,0.0,-10.668,-10.632,-0.776,-20.212,0.06,-0.268,0.148,10.196,-14.812,0.404,-19.468,-0.024,-0.208,-0.212,-20.48,0,0,/base,/head_1,1.2074711646,0.055853087343,0.491815251306,0.207188548811,0.620075052346,0.578954764679,0.487228093561,0,0,/base,/neck_1,1.26710240349,0.00853574444389,0.313279187809,0.207188548811,0.620075052346,0.578954764679,0.487228093561,0,0,/base,/torso_1,1.32404168436,-0.0418679305124,0.14487598444,0.201858928735,0.626583535651,0.568220528853,0.4937321909,0,0,/base,/left_shoulder_1,1.21422542293,0.108420847369,0.265511113894,0.072650730378,0.882542690761,0.195510786666,0.421444898719,0,0,/base,/left_elbow_1,1.07578454737,0.17238549608,0.10933083753,0.088311764763,0.900415390291,0.209471924225,0.370910595822,0,0,/base,/left_hand_1,0.908229631023,0.246665768491,-0.03972560237,-0.507826260114,0.52037540413,-0.464935591907,0.505130501646,0,0,/base,/right_shoulder_1,1.3199793836,-0.0913493580854,0.361047254118,0.367192076066,-0.189210371168,0.802812237116,0.429955726388,0,0,/base,/right_elbow_1,1.40817453037,-0.226202738732,0.177064475674,0.553568347103,-0.250827416517,0.683050064052,0.405080611988,0,0,/base,/right_hand_1,1.42284306181,-0.294807787959,-0.0616991360964,-0.507826260114,0.52037540413,-0.464935591907,0.505130501646,0,0,/base,/left_hip_1,1.34422737532,-0.0228437497687,-0.0567297157447,0.49005816422,0.53922655408,0.537307954444,0.424709172431,0,0,/base,/left_knee_1,1.31757841791,-0.00151376342736,-0.424732860325,0.384104479695,0.614806952591,0.621922863093,0.296121785904,0,0,/base,/left_foot_1,1.28063060425,0.022881754306,-0.777332006818,-0.507826260114,0.52037540413,-0.464935591907,0.505130501646,0,0,/base,/right_hip_1,1.41827004381,-0.160394584168,0.00958437341509,0.181330364143,0.787536047493,0.58622480062,0.056980313062,0,0,/base,/right_knee_1,1.33740624935,-0.251650021295,-0.339298948588,-0.129159572513,0.714444775711,0.599881657909,-0.33619706095,0,0,/base,/right_foot_1,1.259652493,-0.339395628114,-0.674763589849,-0.507826260114,0.52037540413,-0.464935591907,0.505130501646,0,0,/base,left_hand,0.815355120395,0.215348284365,0.0926245779486,0.127548547221,0.987609410676,-0.0037284739883,0.0913516202813,0,0,/base,right_hand,0.622648396464,-0.524065769486,0.316717565978,-0.0745749274587,0.995809194469,-0.0240004386497,0.0471869404663
1522314867817255424,19157,1522314867800221920,,205627,1522314867800086021,0,95,57,80,52,108,255,110,212,206154,1522314867799498081,base,-278.0,9051.0,-9272.0,10023.0,0.0,0.0,0.0,0.0,0.0,0.0,0.0,0.0,0.0,2.0,6.0,11.0,0.0,0.0,0.0,0.0,0.0,0.0,0.0,0.0,0.0,-1367.0,-1354.0,819.0,0.0,0.0,0.0,0.0,0.0,0.0,0.0,0.0,0.0,0,0,,0.0,0.0,0.0,0.0,0.0,0.0,0.0,0.0,0.0,0.0,0.0,0.0,0.0,0.0,0.0,0.0,0.0,0.0,0.0,964070,1522314867730454494,,head_nod,head_pan,left_e0,left_e1,left_s0,left_s1,left_w0,left_w1,left_w2,right_e0,right_e1,right_s0,right_s1,right_w0,right_w1,right_w2,torso_t0,0.0,-0.101626227197,-0.593267069715,1.19497103376,-0.505830164805,-0.500844727245,0.654242806033,0.86861662114,-0.139592251698,0.907349636034,1.60070895216,-0.28493693135,-1.03121858466,-0.48243695779,1.12325743193,-0.208237891955,-12.5659871192,0.0,-0.00235619448975,0.0113882733671,-0.003141592653,0.0047123889795,-0.0109955742855,0.0247400421424,-0.0078539816325,0.00824668071413,-0.0149225651018,-0.00706858346925,0.0141371669385,0.00667588438763,-0.0047123889795,0.00117809724488,0.0015707963265,0.0,0.0,0.0,-10.604,-10.44,-0.684,-20.016,0.032,-0.268,0.168,10.292,-14.752,0.28,-19.468,-0.032,-0.168,-0.232,-20.48,0,0,/base,/head_1,1.2074711646,0.055853087343,0.491815251306,0.207188548811,0.620075052346,0.578954764679,0.487228093561,0,0,/base,/neck_1,1.26710240349,0.00853574444389,0.313279187809,0.207188548811,0.620075052346,0.578954764679,0.487228093561,0,0,/base,/torso_1,1.32404168436,-0.0418679305124,0.14487598444,0.201858928735,0.626583535651,0.568220528853,0.4937321909,0,0,/base,/left_shoulder_1,1.21422542293,0.108420847369,0.265511113894,0.072650730378,0.882542690761,0.195510786666,0.421444898719,0,0,/base,/left_elbow_1,1.07578454737,0.17238549608,0.10933083753,0.088311764763,0.900415390291,0.209471924225,0.370910595822,0,0,/base,/left_hand_1,0.908229631023,0.246665768491,-0.03972560237,-0.507826260114,0.52037540413,-0.464935591907,0.505130501646,0,0,/base,/right_shoulder_1,1.3199793836,-0.0913493580854,0.361047254118,0.367192076066,-0.189210371168,0.802812237116,0.429955726388,0,0,/base,/right_elbow_1,1.40817453037,-0.226202738732,0.177064475674,0.553568347103,-0.250827416517,0.683050064052,0.405080611988,0,0,/base,/right_hand_1,1.42284306181,-0.294807787959,-0.0616991360964,-0.507826260114,0.52037540413,-0.464935591907,0.505130501646,0,0,/base,/left_hip_1,1.34422737532,-0.0228437497687,-0.0567297157447,0.49005816422,0.53922655408,0.537307954444,0.424709172431,0,0,/base,/left_knee_1,1.31757841791,-0.00151376342736,-0.424732860325,0.384104479695,0.614806952591,0.621922863093,0.296121785904,0,0,/base,/left_foot_1,1.28063060425,0.022881754306,-0.777332006818,-0.507826260114,0.52037540413,-0.464935591907,0.505130501646,0,0,/base,/right_hip_1,1.41773455493,-0.161699453553,0.00967527829516,0.18079661457,0.785666581706,0.58899921025,0.0558617657678,0,0,/base,/right_knee_1,1.33706199843,-0.250686765963,-0.339833571337,-0.128348113973,0.713731875124,0.60260619951,-0.333135618606,0,0,/base,/right_foot_1,1.25949216185,-0.336251486481,-0.675899610222,-0.507826260114,0.52037540413,-0.464935591907,0.505130501646,0,0,/base,left_hand,0.815355120395,0.215348284365,0.0926245779486,0.127548547221,0.987609410676,-0.0037284739883,0.0913516202813,0,0,/base,right_hand,0.622648396464,-0.524065769486,0.316717565978,-0.0745749274587,0.995809194469,-0.0240004386497,0.0471869404663
1522314867821142294,19318,1522314867783137083,,205625,1522314867769387960,0,104,48,108,51,101,244,85,195,206153,1522314867770128011,base,-278.0,9051.0,-9272.0,10023.0,0.0,0.0,0.0,0.0,0.0,0.0,0.0,0.0,0.0,-20.0,14.0,6.0,0.0,0.0,0.0,0.0,0.0,0.0,0.0,0.0,0.0,-1382.0,-1370.0,852.0,0.0,0.0,0.0,0.0,0.0,0.0,0.0,0.0,0.0,0,0,,0.0,0.0,0.0,0.0,0.0,0.0,0.0,0.0,0.0,0.0,0.0,0.0,0.0,0.0,0.0,0.0,0.0,0.0,0.0,964069,1522314867720474914,,head_nod,head_pan,left_e0,left_e1,left_s0,left_s1,left_w0,left_w1,left_w2,right_e0,right_e1,right_s0,right_s1,right_w0,right_w1,right_w2,torso_t0,0.0,-0.101242732,-0.593267069715,1.19497103376,-0.505830164805,-0.500461232048,0.653475815639,0.869000116337,-0.140359242092,0.908116626428,1.60070895216,-0.284553436153,-1.03083508946,-0.481669967396,1.12364092713,-0.208237891955,-12.5659871192,0.0,0.00824668071413,0.00549778714275,-0.0102101761223,-0.00824668071413,-0.0192422549996,0.00431968989788,-0.00196349540813,0.000392699081625,0.003141592653,0.000392699081625,-0.0015707963265,-0.006283185306,0.0015707963265,-0.0047123889795,-0.0149225651018,0.0,0.0,0.0,-10.732,-10.536,-0.776,-20.116,0.052,-0.26,0.148,10.228,-14.724,0.404,-19.524,-0.04,-0.188,-0.196,-20.48,0,0,/base,/head_1,1.2074711646,0.055853087343,0.491815251306,0.207188548811,0.620075052346,0.578954764679,0.487228093561,0,0,/base,/neck_1,1.26710240349,0.00853574444389,0.313279187809,0.207188548811,0.620075052346,0.578954764679,0.487228093561,0,0,/base,/torso_1,1.32404168436,-0.0418679305124,0.14487598444,0.201858928735,0.626583535651,0.568220528853,0.4937321909,0,0,/base,/left_shoulder_1,1.21422542293,0.108420847369,0.265511113894,0.072650730378,0.882542690761,0.195510786666,0.421444898719,0,0,/base,/left_elbow_1,1.07578454737,0.17238549608,0.10933083753,0.088311764763,0.900415390291,0.209471924225,0.370910595822,0,0,/base,/left_hand_1,0.908229631023,0.246665768491,-0.03972560237,-0.507826260114,0.52037540413,-0.464935591907,0.505130501646,0,0,/base,/right_shoulder_1,1.3199793836,-0.0913493580854,0.361047254118,0.367192076066,-0.189210371168,0.802812237116,0.429955726388,0,0,/base,/right_elbow_1,1.40817453037,-0.226202738732,0.177064475674,0.553568347103,-0.250827416517,0.683050064052,0.405080611988,0,0,/base,/right_hand_1,1.42284306181,-0.294807787959,-0.0616991360964,-0.507826260114,0.52037540413,-0.464935591907,0.505130501646,0,0,/base,/left_hip_1,1.34422737532,-0.0228437497687,-0.0567297157447,0.49005816422,0.53922655408,0.537307954444,0.424709172431,0,0,/base,/left_knee_1,1.31757841791,-0.00151376342736,-0.424732860325,0.384104479695,0.614806952591,0.621922863093,0.296121785904,0,0,/base,/left_foot_1,1.27823534338,0.0251068800919,-0.776567688877,-0.507826260114,0.52037540413,-0.464935591907,0.505130501646,0,0,/base,/right_hip_1,1.41827004381,-0.160394584168,0.00958437341509,0.181330364143,0.787536047493,0.58622480062,0.056980313062,0,0,/base,/right_knee_1,1.33740624935,-0.251650021295,-0.339298948588,-0.129159572513,0.714444775711,0.599881657909,-0.33619706095,0,0,/base,/right_foot_1,1.259652493,-0.339395628114,-0.674763589849,-0.507826260114,0.52037540413,-0.464935591907,0.505130501646,0,0,/base,left_hand,0.815355120395,0.215348284365,0.0926245779486,0.127548547221,0.987609410676,-0.0037284739883,0.0913516202813,0,0,/base,right_hand,0.622648396464,-0.524065769486,0.316717565978,-0.0745749274587,0.995809194469,-0.0240004386497,0.0471869404663
1522314867821158618,19319,1522314867801115036,,205627,1522314867800086021,0,95,57,80,52,108,255,110,212,206154,1522314867799498081,base,-278.0,9051.0,-9272.0,10023.0,0.0,0.0,0.0,0.0,0.0,0.0,0.0,0.0,0.0,2.0,6.0,11.0,0.0,0.0,0.0,0.0,0.0,0.0,0.0,0.0,0.0,-1367.0,-1354.0,819.0,0.0,0.0,0.0,0.0,0.0,0.0,0.0,0.0,0.0,0,0,,0.0,0.0,0.0,0.0,0.0,0.0,0.0,0.0,0.0,0.0,0.0,0.0,0.0,0.0,0.0,0.0,0.0,0.0,0.0,964069,1522314867720474914,,head_nod,head_pan,left_e0,left_e1,left_s0,left_s1,left_w0,left_w1,left_w2,right_e0,right_e1,right_s0,right_s1,right_w0,right_w1,right_w2,torso_t0,0.0,-0.101242732,-0.593267069715,1.19497103376,-0.505830164805,-0.500461232048,0.653475815639,0.869000116337,-0.140359242092,0.908116626428,1.60070895216,-0.284553436153,-1.03083508946,-0.481669967396,1.12364092713,-0.208237891955,-12.5659871192,0.0,0.00824668071413,0.00549778714275,-0.0102101761223,-0.00824668071413,-0.0192422549996,0.00431968989788,-0.00196349540813,0.000392699081625,0.003141592653,0.000392699081625,-0.0015707963265,-0.006283185306,0.0015707963265,-0.0047123889795,-0.0149225651018,0.0,0.0,0.0,-10.732,-10.536,-0.776,-20.116,0.052,-0.26,0.148,10.228,-14.724,0.404,-19.524,-0.04,-0.188,-0.196,-20.48,0,0,/base,/head_1,1.2074711646,0.055853087343,0.491815251306,0.207188548811,0.620075052346,0.578954764679,0.487228093561,0,0,/base,/neck_1,1.26710240349,0.00853574444389,0.313279187809,0.207188548811,0.620075052346,0.578954764679,0.487228093561,0,0,/base,/torso_1,1.32404168436,-0.0418679305124,0.14487598444,0.201858928735,0.626583535651,0.568220528853,0.4937321909,0,0,/base,/left_shoulder_1,1.21422542293,0.108420847369,0.265511113894,0.072650730378,0.882542690761,0.195510786666,0.421444898719,0,0,/base,/left_elbow_1,1.07578454737,0.17238549608,0.10933083753,0.088311764763,0.900415390291,0.209471924225,0.370910595822,0,0,/base,/left_hand_1,0.908229631023,0.246665768491,-0.03972560237,-0.507826260114,0.52037540413,-0.464935591907,0.505130501646,0,0,/base,/right_shoulder_1,1.3199793836,-0.0913493580854,0.361047254118,0.367192076066,-0.189210371168,0.802812237116,0.429955726388,0,0,/base,/right_elbow_1,1.40817453037,-0.226202738732,0.177064475674,0.553568347103,-0.250827416517,0.683050064052,0.405080611988,0,0,/base,/right_hand_1,1.42284306181,-0.294807787959,-0.0616991360964,-0.507826260114,0.52037540413,-0.464935591907,0.505130501646,0,0,/base,/left_hip_1,1.34422737532,-0.0228437497687,-0.0567297157447,0.49005816422,0.53922655408,0.537307954444,0.424709172431,0,0,/base,/left_knee_1,1.31757841791,-0.00151376342736,-0.424732860325,0.384104479695,0.614806952591,0.621922863093,0.296121785904,0,0,/base,/left_foot_1,1.28063060425,0.022881754306,-0.777332006818,-0.507826260114,0.52037540413,-0.464935591907,0.505130501646,0,0,/base,/right_hip_1,1.41773455493,-0.161699453553,0.00967527829516,0.18079661457,0.785666581706,0.58899921025,0.0558617657678,0,0,/base,/right_knee_1,1.33706199843,-0.250686765963,-0.339833571337,-0.128348113973,0.713731875124,0.60260619951,-0.333135618606,0,0,/base,/right_foot_1,1.25949216185,-0.336251486481,-0.675899610222,-0.507826260114,0.52037540413,-0.464935591907,0.505130501646,0,0,/base,left_hand,0.815355120395,0.215348284365,0.0926245779486,0.127548547221,0.987609410676,-0.0037284739883,0.0913516202813,0,0,/base,right_hand,0.622648396464,-0.524065769486,0.316717565978,-0.0745749274587,0.995809194469,-0.0240004386497,0.0471869404663
1522314867857158048,19158,1522314867814650058,,205627,1522314867800086021,0,95,57,80,52,108,255,110,212,206155,1522314867806195974,base,-275.0,9056.0,-9267.0,10023.0,0.0,0.0,0.0,0.0,0.0,0.0,0.0,0.0,0.0,-22.0,25.0,23.0,0.0,0.0,0.0,0.0,0.0,0.0,0.0,0.0,0.0,-1378.0,-1342.0,815.0,0.0,0.0,0.0,0.0,0.0,0.0,0.0,0.0,0.0,0,0,,0.0,0.0,0.0,0.0,0.0,0.0,0.0,0.0,0.0,0.0,0.0,0.0,0.0,0.0,0.0,0.0,0.0,0.0,0.0,964071,1522314867740450255,,head_nod,head_pan,left_e0,left_e1,left_s0,left_s1,left_w0,left_w1,left_w2,right_e0,right_e1,right_s0,right_s1,right_w0,right_w1,right_w2,torso_t0,0.0,-0.101242732,-0.593650564912,1.19458753857,-0.506213660002,-0.501228222442,0.653475815639,0.868233125943,-0.139975746895,0.906199150443,1.60109244736,-0.28493693135,-1.03198557505,-0.481669967396,1.12287393673,-0.208237891955,-12.5659871192,0.0,-0.00981747704063,0.00078539816325,-0.00196349540813,-0.00589048622438,0.00196349540813,0.0180641577548,0.003141592653,0.003141592653,-0.00510508806113,-0.0047123889795,0.0164933614283,-0.00746128255088,-0.0106028752039,-0.0168860605099,-0.0117809724488,0.0,0.0,0.0,-10.732,-10.44,-0.652,-20.048,0.052,-0.252,0.148,10.26,-14.752,0.404,-19.496,-0.032,-0.14,-0.232,-20.48,0,0,/base,/head_1,1.20697733679,0.0553704447386,0.491842220083,0.205220838938,0.620668825718,0.580374712454,0.485612818191,0,0,/base,/neck_1,1.2668333207,0.00846048733236,0.31364794963,0.205220838938,0.620668825718,0.580374712454,0.485612818191,0,0,/base,/torso_1,1.32422870067,-0.0410198011541,0.145125905585,0.200213917023,0.626279414261,0.570994217891,0.491583244058,0,0,/base,/left_shoulder_1,1.21327475256,0.108112373044,0.266154004894,0.0672716328578,0.885343897874,0.198147865257,0.415184457084,0,0,/base,/left_elbow_1,1.0708455656,0.170633114307,0.109990948741,0.0889113544009,0.897141787587,0.212465866581,0.376947794213,0,0,/base,/left_hand_1,0.903594999896,0.247019929342,-0.0425799396035,-0.507826260114,0.52037540413,-0.464935591907,0.505130501646,0,0,/base,/right_shoulder_1,1.32039194985,-0.0911914004073,0.36114189066,0.366825949085,-0.186628216772,0.803554673936,0.43000990428,0,0,/base,/right_elbow_1,1.40836900137,-0.226217888063,0.178386540352,0.552977076004,-0.250064153786,0.683319381398,0.405905032503,0,0,/base,/right_hand_1,1.4230527734,-0.295547150732,-0.0605630352181,-0.507826260114,0.52037540413,-0.464935591907,0.505130501646,0,0,/base,/left_hip_1,1.3443966387,-0.0212343412565,-0.0564080897754,0.496304902576,0.533138728427,0.531063883214,0.432915340311,0,0,/base,/left_knee_1,1.31875223639,-0.000280916157773,-0.424504182558,0.399159263226,0.606001311904,0.612147599251,0.314180854417,0,0,/base,/left_foot_1,1.2835239485,0.0239216401312,-0.777292573113,-0.507826260114,0.52037540413,-0.464935591907,0.505130501646,0,0,/base,/right_hip_1,1.41885152277,-0.159765845641,0.009615812449,0.178671776136,0.78805130032,0.586627578179,0.0540335913743,0,0,/base,/right_knee_1,1.33820828432,-0.251377502134,-0.339216488969,-0.131881301004,0.71333315348,0.598884639849,-0.339264384727,0,0,/base,/right_foot_1,1.26066674563,-0.33946562586,-0.674632011538,-0.507826260114,0.52037540413,-0.464935591907,0.505130501646,0,0,/base,left_hand,0.815820439948,0.214984417402,0.093176636007,0.127472824161,0.987546964257,-0.0036971520823,0.0921303617329,0,0,/base,right_hand,0.622448443171,-0.524402749603,0.316692175845,-0.0741207691797,0.995837942701,-0.0241912519893,0.0471983768876
1522314867857169727,19159,1522314867838439941,,205629,1522314867836431980,0,105,53,72,42,89,308,112,220,206156,1522314867830307006,base,-276.0,9061.0,-9260.0,10025.0,0.0,0.0,0.0,0.0,0.0,0.0,0.0,0.0,0.0,-55.0,23.0,23.0,0.0,0.0,0.0,0.0,0.0,0.0,0.0,0.0,0.0,-1356.0,-1333.0,834.0,0.0,0.0,0.0,0.0,0.0,0.0,0.0,0.0,0.0,0,0,,0.0,0.0,0.0,0.0,0.0,0.0,0.0,0.0,0.0,0.0,0.0,0.0,0.0,0.0,0.0,0.0,0.0,0.0,0.0,964074,1522314867770457103,,head_nod,head_pan,left_e0,left_e1,left_s0,left_s1,left_w0,left_w1,left_w2,right_e0,right_e1,right_s0,right_s1,right_w0,right_w1,right_w2,torso_t0,0.0,-0.101626227197,-0.593267069715,1.19497103376,-0.505830164805,-0.501611717639,0.653092320442,0.86861662114,-0.139975746895,0.906966140837,1.60032545696,-0.28493693135,-1.03121858466,-0.48243695779,1.12364092713,-0.208237891955,-12.5659871192,0.0,-0.00510508806113,-0.0161006623466,-0.0180641577548,0.00117809724488,-0.00746128255088,-0.0129590696936,-0.00274889357138,0.00117809724488,0.00903207887738,-0.00549778714275,0.00510508806113,-0.0176714586731,-0.00353429173463,0.0113882733671,-0.00353429173463,0.0,0.0,0.0,-10.604,-10.28,-0.592,-19.92,0.06,-0.26,0.156,10.136,-14.724,0.28,-19.408,-0.032,-0.16,-0.224,-20.48,0,0,/base,/head_1,1.20697733679,0.0553704447386,0.491842220083,0.205220838938,0.620668825718,0.580374712454,0.485612818191,0,0,/base,/neck_1,1.2668333207,0.00846048733236,0.31364794963,0.205220838938,0.620668825718,0.580374712454,0.485612818191,0,0,/base,/torso_1,1.32422870067,-0.0410198011541,0.145125905585,0.200213917023,0.626279414261,0.570994217891,0.491583244058,0,0,/base,/left_shoulder_1,1.21327475256,0.108112373044,0.266154004894,0.0672716328578,0.885343897874,0.198147865257,0.415184457084,0,0,/base,/left_elbow_1,1.0708455656,0.170633114307,0.109990948741,0.0889113544009,0.897141787587,0.212465866581,0.376947794213,0,0,/base,/left_hand_1,0.903594999896,0.247019929342,-0.0425799396035,-0.507826260114,0.52037540413,-0.464935591907,0.505130501646,0,0,/base,/right_shoulder_1,1.32039194985,-0.0911914004073,0.36114189066,0.366825949085,-0.186628216772,0.803554673936,0.43000990428,0,0,/base,/right_elbow_1,1.40836900137,-0.226217888063,0.178386540352,0.552977076004,-0.250064153786,0.683319381398,0.405905032503,0,0,/base,/right_hand_1,1.4230527734,-0.295547150732,-0.0605630352181,-0.507826260114,0.52037540413,-0.464935591907,0.505130501646,0,0,/base,/left_hip_1,1.3443966387,-0.0212343412565,-0.0564080897754,0.496304902576,0.533138728427,0.531063883214,0.432915340311,0,0,/base,/left_knee_1,1.31875223639,-0.000280916157773,-0.424504182558,0.399159263226,0.606001311904,0.612147599251,0.314180854417,0,0,/base,/left_foot_1,1.2835239485,0.0239216401312,-0.777292573113,-0.507826260114,0.52037540413,-0.464935591907,0.505130501646,0,0,/base,/right_hip_1,1.41885152277,-0.159765845641,0.009615812449,0.178671776136,0.78805130032,0.586627578179,0.0540335913743,0,0,/base,/right_knee_1,1.33820828432,-0.251377502134,-0.339216488969,-0.131881301004,0.71333315348,0.598884639849,-0.339264384727,0,0,/base,/right_foot_1,1.26066674563,-0.33946562586,-0.674632011538,-0.507826260114,0.52037540413,-0.464935591907,0.505130501646,0,0,/base,left_hand,0.815312660308,0.215051244023,0.0922414084284,0.127664726847,0.987592278402,-0.00376728027688,0.0913729542037,0,0,/base,right_hand,0.622464966941,-0.52322589853,0.316464045874,-0.0751298939432,0.995797977163,-0.0236899653472,0.0466976793434
1522314867861158123,19320,1522314867822159051,,205627,1522314867800086021,0,95,57,80,52,108,255,110,212,206155,1522314867806195974,base,-275.0,9056.0,-9267.0,10023.0,0.0,0.0,0.0,0.0,0.0,0.0,0.0,0.0,0.0,-22.0,25.0,23.0,0.0,0.0,0.0,0.0,0.0,0.0,0.0,0.0,0.0,-1378.0,-1342.0,815.0,0.0,0.0,0.0,0.0,0.0,0.0,0.0,0.0,0.0,0,0,,0.0,0.0,0.0,0.0,0.0,0.0,0.0,0.0,0.0,0.0,0.0,0.0,0.0,0.0,0.0,0.0,0.0,0.0,0.0,964073,1522314867760457703,,head_nod,head_pan,left_e0,left_e1,left_s0,left_s1,left_w0,left_w1,left_w2,right_e0,right_e1,right_s0,right_s1,right_w0,right_w1,right_w2,torso_t0,0.0,-0.101626227197,-0.593267069715,1.19497103376,-0.506213660002,-0.500077736851,0.653475815639,0.868233125943,-0.139592251698,0.907349636034,1.60185943775,-0.284169940956,-1.03160207985,-0.481669967396,1.12364092713,-0.208237891955,-12.5659871192,0.0,-0.00746128255088,0.0164933614283,-0.028274333877,-0.00431968989788,-0.00392699081625,-0.0078539816325,0.000392699081625,0.00196349540813,0.0109955742855,-0.003141592653,-0.00235619448975,0.0078539816325,0.0184568568364,-0.00235619448975,0.0168860605099,0.0,0.0,0.0,-10.54,-10.28,-0.62,-19.984,0.032,-0.252,0.148,10.26,-14.752,0.372,-19.468,-0.032,-0.148,-0.24,-20.48,0,0,/base,/head_1,1.20697733679,0.0553704447386,0.491842220083,0.205220838938,0.620668825718,0.580374712454,0.485612818191,0,0,/base,/neck_1,1.2668333207,0.00846048733236,0.31364794963,0.205220838938,0.620668825718,0.580374712454,0.485612818191,0,0,/base,/torso_1,1.32422870067,-0.0410198011541,0.145125905585,0.200213917023,0.626279414261,0.570994217891,0.491583244058,0,0,/base,/left_shoulder_1,1.21327475256,0.108112373044,0.266154004894,0.0672716328578,0.885343897874,0.198147865257,0.415184457084,0,0,/base,/left_elbow_1,1.0708455656,0.170633114307,0.109990948741,0.0889113544009,0.897141787587,0.212465866581,0.376947794213,0,0,/base,/left_hand_1,0.903594999896,0.247019929342,-0.0425799396035,-0.507826260114,0.52037540413,-0.464935591907,0.505130501646,0,0,/base,/right_shoulder_1,1.32039194985,-0.0911914004073,0.36114189066,0.366825949085,-0.186628216772,0.803554673936,0.43000990428,0,0,/base,/right_elbow_1,1.40836900137,-0.226217888063,0.178386540352,0.552977076004,-0.250064153786,0.683319381398,0.405905032503,0,0,/base,/right_hand_1,1.4230527734,-0.295547150732,-0.0605630352181,-0.507826260114,0.52037540413,-0.464935591907,0.505130501646,0,0,/base,/left_hip_1,1.3443966387,-0.0212343412565,-0.0564080897754,0.496304902576,0.533138728427,0.531063883214,0.432915340311,0,0,/base,/left_knee_1,1.31875223639,-0.000280916157773,-0.424504182558,0.399159263226,0.606001311904,0.612147599251,0.314180854417,0,0,/base,/left_foot_1,1.2835239485,0.0239216401312,-0.777292573113,-0.507826260114,0.52037540413,-0.464935591907,0.505130501646,0,0,/base,/right_hip_1,1.41885152277,-0.159765845641,0.009615812449,0.178671776136,0.78805130032,0.586627578179,0.0540335913743,0,0,/base,/right_knee_1,1.33820828432,-0.251377502134,-0.339216488969,-0.131881301004,0.71333315348,0.598884639849,-0.339264384727,0,0,/base,/right_foot_1,1.26066674563,-0.33946562586,-0.674632011538,-0.507826260114,0.52037540413,-0.464935591907,0.505130501646,0,0,/base,left_hand,0.815820439948,0.214984417402,0.093176636007,0.127472824161,0.987546964257,-0.0036971520823,0.0921303617329,0,0,/base,right_hand,0.622448443171,-0.524402749603,0.316692175845,-0.0741207691797,0.995837942701,-0.0241912519893,0.0471983768876
1522314867861169490,19321,1522314867840785980,,205629,1522314867836431980,0,105,53,72,42,89,308,112,220,206156,1522314867830307006,base,-276.0,9061.0,-9260.0,10025.0,0.0,0.0,0.0,0.0,0.0,0.0,0.0,0.0,0.0,-55.0,23.0,23.0,0.0,0.0,0.0,0.0,0.0,0.0,0.0,0.0,0.0,-1356.0,-1333.0,834.0,0.0,0.0,0.0,0.0,0.0,0.0,0.0,0.0,0.0,0,0,,0.0,0.0,0.0,0.0,0.0,0.0,0.0,0.0,0.0,0.0,0.0,0.0,0.0,0.0,0.0,0.0,0.0,0.0,0.0,964074,1522314867770457103,,head_nod,head_pan,left_e0,left_e1,left_s0,left_s1,left_w0,left_w1,left_w2,right_e0,right_e1,right_s0,right_s1,right_w0,right_w1,right_w2,torso_t0,0.0,-0.101626227197,-0.593267069715,1.19497103376,-0.505830164805,-0.501611717639,0.653092320442,0.86861662114,-0.139975746895,0.906966140837,1.60032545696,-0.28493693135,-1.03121858466,-0.48243695779,1.12364092713,-0.208237891955,-12.5659871192,0.0,-0.00510508806113,-0.0161006623466,-0.0180641577548,0.00117809724488,-0.00746128255088,-0.0129590696936,-0.00274889357138,0.00117809724488,0.00903207887738,-0.00549778714275,0.00510508806113,-0.0176714586731,-0.00353429173463,0.0113882733671,-0.00353429173463,0.0,0.0,0.0,-10.604,-10.28,-0.592,-19.92,0.06,-0.26,0.156,10.136,-14.724,0.28,-19.408,-0.032,-0.16,-0.224,-20.48,0,0,/base,/head_1,1.20697733679,0.0553704447386,0.491842220083,0.205220838938,0.620668825718,0.580374712454,0.485612818191,0,0,/base,/neck_1,1.2668333207,0.00846048733236,0.31364794963,0.205220838938,0.620668825718,0.580374712454,0.485612818191,0,0,/base,/torso_1,1.32422870067,-0.0410198011541,0.145125905585,0.200213917023,0.626279414261,0.570994217891,0.491583244058,0,0,/base,/left_shoulder_1,1.21327475256,0.108112373044,0.266154004894,0.0672716328578,0.885343897874,0.198147865257,0.415184457084,0,0,/base,/left_elbow_1,1.0708455656,0.170633114307,0.109990948741,0.0889113544009,0.897141787587,0.212465866581,0.376947794213,0,0,/base,/left_hand_1,0.903594999896,0.247019929342,-0.0425799396035,-0.507826260114,0.52037540413,-0.464935591907,0.505130501646,0,0,/base,/right_shoulder_1,1.32039194985,-0.0911914004073,0.36114189066,0.366825949085,-0.186628216772,0.803554673936,0.43000990428,0,0,/base,/right_elbow_1,1.40836900137,-0.226217888063,0.178386540352,0.552977076004,-0.250064153786,0.683319381398,0.405905032503,0,0,/base,/right_hand_1,1.4230527734,-0.295547150732,-0.0605630352181,-0.507826260114,0.52037540413,-0.464935591907,0.505130501646,0,0,/base,/left_hip_1,1.3443966387,-0.0212343412565,-0.0564080897754,0.496304902576,0.533138728427,0.531063883214,0.432915340311,0,0,/base,/left_knee_1,1.31875223639,-0.000280916157773,-0.424504182558,0.399159263226,0.606001311904,0.612147599251,0.314180854417,0,0,/base,/left_foot_1,1.2835239485,0.0239216401312,-0.777292573113,-0.507826260114,0.52037540413,-0.464935591907,0.505130501646,0,0,/base,/right_hip_1,1.41885152277,-0.159765845641,0.009615812449,0.178671776136,0.78805130032,0.586627578179,0.0540335913743,0,0,/base,/right_knee_1,1.33820828432,-0.251377502134,-0.339216488969,-0.131881301004,0.71333315348,0.598884639849,-0.339264384727,0,0,/base,/right_foot_1,1.26066674563,-0.33946562586,-0.674632011538,-0.507826260114,0.52037540413,-0.464935591907,0.505130501646,0,0,/base,left_hand,0.815312660308,0.215051244023,0.0922414084284,0.127664726847,0.987592278402,-0.00376728027688,0.0913729542037,0,0,/base,right_hand,0.622464966941,-0.52322589853,0.316464045874,-0.0751298939432,0.995797977163,-0.0236899653472,0.0466976793434
1522314867897158756,19160,1522314867860642910,,205630,1522314867858818054,0,103,53,66,42,94,316,115,215,206157,1522314867851247072,base,-279.0,9068.0,-9250.0,10028.0,0.0,0.0,0.0,0.0,0.0,0.0,0.0,0.0,0.0,-78.0,7.0,15.0,0.0,0.0,0.0,0.0,0.0,0.0,0.0,0.0,0.0,-1393.0,-1317.0,835.0,0.0,0.0,0.0,0.0,0.0,0.0,0.0,0.0,0.0,0,0,,0.0,0.0,0.0,0.0,0.0,0.0,0.0,0.0,0.0,0.0,0.0,0.0,0.0,0.0,0.0,0.0,0.0,0.0,0.0,964076,1522314867790461361,,head_nod,head_pan,left_e0,left_e1,left_s0,left_s1,left_w0,left_w1,left_w2,right_e0,right_e1,right_s0,right_s1,right_w0,right_w1,right_w2,torso_t0,0.0,-0.101626227197,-0.593267069715,1.19420404337,-0.505446669608,-0.500844727245,0.653475815639,0.86861662114,-0.139975746895,0.907349636034,1.60070895216,-0.284553436153,-1.03160207985,-0.482053462593,1.12402442232,-0.208621387152,-12.5659871192,0.0,0.00589048622438,-0.00078539816325,0.012566370612,0.00392699081625,-0.00117809724488,-0.0078539816325,-0.0117809724488,-0.00863937979575,0.00353429173463,-0.00235619448975,-0.0172787595915,-0.00589048622438,0.00667588438763,0.00824668071413,0.003141592653,0.0,0.0,0.0,-10.54,-10.312,-0.592,-19.852,0.052,-0.22,0.148,10.356,-14.724,0.436,-19.408,-0.016,-0.208,-0.232,-20.48,0,0,/base,/head_1,1.20657517826,0.0558035403483,0.490737177578,0.20308452382,0.621462874509,0.581702452876,0.483903738475,0,0,/base,/neck_1,1.26663623835,0.0092393194141,0.31290913834,0.20308452382,0.621462874509,0.581702452876,0.483903738475,0,0,/base,/torso_1,1.32462968393,-0.0406512692334,0.144713162382,0.196876217152,0.627586210776,0.571182628219,0.491045525776,0,0,/base,/left_shoulder_1,1.21262300965,0.108388199462,0.264882060904,0.0655499647024,0.887226688398,0.198974158723,0.411024682571,0,0,/base,/left_elbow_1,1.06827392191,0.170207975601,0.109547641066,0.0883975912991,0.895388086243,0.212747783724,0.381056979187,0,0,/base,/left_hand_1,0.901529136451,0.247202624569,-0.0453783236012,-0.507826260114,0.52037540413,-0.464935591907,0.505130501646,0,0,/base,/right_shoulder_1,1.32064946631,-0.0899095488146,0.360936208782,0.368086382287,-0.184564342875,0.803524251268,0.429880444006,0,0,/base,/right_elbow_1,1.40869317541,-0.225850719866,0.177168787434,0.552713435368,-0.250341629324,0.683740582049,0.405383452364,0,0,/base,/right_hand_1,1.42376365469,-0.295184055481,-0.0622822781707,-0.507826260114,0.52037540413,-0.464935591907,0.505130501646,0,0,/base,/left_hip_1,1.3450797695,-0.021625700604,-0.0568653716887,0.501237186816,0.528198369925,0.525998799054,0.439423517753,0,0,/base,/left_knee_1,1.32023162576,-0.000993035749267,-0.425034198921,0.412461124243,0.597699963606,0.602969758426,0.330239375176,0,0,/base,/left_foot_1,1.28654019226,0.0229564297139,-0.777989921551,-0.507826260114,0.52037540413,-0.464935591907,0.505130501646,0,0,/base,/right_hip_1,1.4201664888,-0.159458021982,0.00989972891822,0.179236149689,0.789488685164,0.584806340219,0.0508287623445,0,0,/base,/right_knee_1,1.33754636202,-0.252496984031,-0.338089787526,-0.127793013257,0.714557393834,0.598157957612,-0.339534585022,0,0,/base,/right_foot_1,1.258103971,-0.341957549511,-0.672695088315,-0.507826260114,0.52037540413,-0.464935591907,0.505130501646,0,0,/base,left_hand,0.815812131172,0.215842700955,0.0929442207428,0.126917951146,0.987643336841,-0.00350046267956,0.0918706679604,0,0,/base,right_hand,0.622628625844,-0.523778994729,0.316845141482,-0.0749627382327,0.995789729323,-0.0240275825025,0.046968906001
1522314867897168587,19161,1522314867880353927,,205630,1522314867858818054,0,103,53,66,42,94,316,115,215,206158,1522314867873999118,base,-283.0,9072.0,-9245.0,10029.0,0.0,0.0,0.0,0.0,0.0,0.0,0.0,0.0,0.0,-52.0,6.0,15.0,0.0,0.0,0.0,0.0,0.0,0.0,0.0,0.0,0.0,-1369.0,-1346.0,826.0,0.0,0.0,0.0,0.0,0.0,0.0,0.0,0.0,0.0,0,0,,0.0,0.0,0.0,0.0,0.0,0.0,0.0,0.0,0.0,0.0,0.0,0.0,0.0,0.0,0.0,0.0,0.0,0.0,0.0,964076,1522314867790461361,,head_nod,head_pan,left_e0,left_e1,left_s0,left_s1,left_w0,left_w1,left_w2,right_e0,right_e1,right_s0,right_s1,right_w0,right_w1,right_w2,torso_t0,0.0,-0.101626227197,-0.593267069715,1.19420404337,-0.505446669608,-0.500844727245,0.653475815639,0.86861662114,-0.139975746895,0.907349636034,1.60070895216,-0.284553436153,-1.03160207985,-0.482053462593,1.12402442232,-0.208621387152,-12.5659871192,0.0,0.00589048622438,-0.00078539816325,0.012566370612,0.00392699081625,-0.00117809724488,-0.0078539816325,-0.0117809724488,-0.00863937979575,0.00353429173463,-0.00235619448975,-0.0172787595915,-0.00589048622438,0.00667588438763,0.00824668071413,0.003141592653,0.0,0.0,0.0,-10.54,-10.312,-0.592,-19.852,0.052,-0.22,0.148,10.356,-14.724,0.436,-19.408,-0.016,-0.208,-0.232,-20.48,0,0,/base,/head_1,1.20802715941,0.0541983079657,0.491357773156,0.204184104761,0.620892501374,0.58186156303,0.483981894877,0,0,/base,/neck_1,1.26663623835,0.0092393194141,0.31290913834,0.20308452382,0.621462874509,0.581702452876,0.483903738475,0,0,/base,/torso_1,1.32462968393,-0.0406512692334,0.144713162382,0.196876217152,0.627586210776,0.571182628219,0.491045525776,0,0,/base,/left_shoulder_1,1.21262300965,0.108388199462,0.264882060904,0.0655499647024,0.887226688398,0.198974158723,0.411024682571,0,0,/base,/left_elbow_1,1.06827392191,0.170207975601,0.109547641066,0.0883975912991,0.895388086243,0.212747783724,0.381056979187,0,0,/base,/left_hand_1,0.901529136451,0.247202624569,-0.0453783236012,-0.507826260114,0.52037540413,-0.464935591907,0.505130501646,0,0,/base,/right_shoulder_1,1.32064946631,-0.0899095488146,0.360936208782,0.368086382287,-0.184564342875,0.803524251268,0.429880444006,0,0,/base,/right_elbow_1,1.40869317541,-0.225850719866,0.177168787434,0.552713435368,-0.250341629324,0.683740582049,0.405383452364,0,0,/base,/right_hand_1,1.42376365469,-0.295184055481,-0.0622822781707,-0.507826260114,0.52037540413,-0.464935591907,0.505130501646,0,0,/base,/left_hip_1,1.3450797695,-0.021625700604,-0.0568653716887,0.501237186816,0.528198369925,0.525998799054,0.439423517753,0,0,/base,/left_knee_1,1.32023162576,-0.000993035749267,-0.425034198921,0.412461124243,0.597699963606,0.602969758426,0.330239375176,0,0,/base,/left_foot_1,1.28654019226,0.0229564297139,-0.777989921551,-0.507826260114,0.52037540413,-0.464935591907,0.505130501646,0,0,/base,/right_hip_1,1.4201664888,-0.159458021982,0.00989972891822,0.179236149689,0.789488685164,0.584806340219,0.0508287623445,0,0,/base,/right_knee_1,1.33754636202,-0.252496984031,-0.338089787526,-0.127793013257,0.714557393834,0.598157957612,-0.339534585022,0,0,/base,/right_foot_1,1.258103971,-0.341957549511,-0.672695088315,-0.507826260114,0.52037540413,-0.464935591907,0.505130501646,0,0,/base,left_hand,0.815568285816,0.215307790936,0.0928986978398,0.127275017413,0.987623198151,-0.00365373507718,0.0915867819988,0,0,/base,right_hand,0.622560852964,-0.524343027422,0.31690596943,-0.0744153993938,0.995821780507,-0.0243075316476,0.0470156751061
